# DECODE R932 FL transcription (D2358), numbers only; 4929 then 4930
20 56 5 5 23 35 47 29 30 11 55 3 53 24 36 64 65 54 47 25 43 15 21 1 53 51 55 21 13 54 24 36 53 57 35 21 55 23
43 47 3 56 15 2 46 18 24 56 23 53 4 56 13 15 69 35 56 48 4 55 20 35 55 21 36 56 55 44 48 21 64 41 56 55
36 55 3 56 43 55 4 13 47 56 22 56 29 28 15 53 47 25 28 15 424 55 3 18 47 21 13 104 31 15 449 56 53 18 22 56
2 53 1 13 35 1 16 4 106 57 15 3 53 22 58 74 73 39 40 45 50 64 65 66 67 71

53 11 4 47 28 31 15 20 63 12 4 55 23 56 21 17 25 31 35 20 25 41 24 43 65 23 56 4 27 53 43 52 13 15 79 59
8 43 18 23 56 25 55 2 15 3 21 16 17 74 20 4 53 17 55 53 21 58 13 15 35 53 23 36 53 57 35 22 55 23 73 41 55 43 47
19 23 56 53 51 15 19 41 13 35 55 13 36 56 3 72 35 55 56 43 47 21 70 51 56 43 53 11 35 56 4 69 26 28 43 47
3 48 43 13 55 4 0 21 15 47 21 52 53 21 1 15 4 25 55 35 54 26 67 20 56 55 47 4 55 23 13 4 15 21 57 29
31 41 56 23 55 53 51 57 55 52 15 21 64 47 29 30 23 53 51 56 24 2 35 54 24 36 53 57 36 21 55 24
51 15 55 22 15 13 53 18 56 19 24 4 56 29 55 53 23 35 15 4 13 30 31
