# BnF fr. 3854 no. 43, f. 117r (canvas 245), lines 0-11: numbers with NO interlinear decipherment. My transcription.
# #word = clear text in the ms; ^[...] = interlinear insertion by the writer (numbers); x/y = y written over x.
L0: 99 129 378 389_ 222 344 15 412 7 22 19 206 262 207 337 321 46 229 375 34 257 381 230
L1: 349 31 20 237 347 264 70 418 15 33 240 398 363 457 354 277 63 354 22 347 341 31 420 42
L2: 448? 59 86 416 19 17 34 7 415 417 16 63 50 418 22 443 20 439 33 51 5 442 37 15 33 416_ #quil
L3: 347 291 257 #principalement 448 20 292_ 294 19 33 20 378 390_ 342 32 80 386 472 261 15 20
L4: 336 ^[262 293 50 15 257] 262 349 33 #bonnes #intentions 445 19 337 414 314 21 279 364 259 15 292 386 63 257 398
L5: 458 50 51 5 259 19 262 7 119 150 #jay #jugé #apropos #de #vous #en 291 42 386 59 38 20 21 19
L6: 31 42 393 50 293 15 #que #vous #puissies 262 418 19 347 34 363 20 341 22 420 42 33 292_ 229
L7: 32 20 150 229 262 33 385_ 417 293 257 20 265 457 416_ 291 42 393 259 14 17 19 7 15 6 386 50
L8: 472 381 257 378 389_ 375 19 337 19 346 411_ 416 256 22 448 416_ 386 413 340 381 #par #les
L9: 386 415 19 262 342 15 20 398 472 375_ 378 19 416 50 349 22 33 411 259 22 387 34 416_ 398
L10: #nous #sommes #tousiours #dans 349 20 342 33 358 20 262 81 448 42 15 20 229 240 410 15 20
L11: 381 387 347_ 400 412_ 411 336_ 416 386 19 337 20 375 388 13 407 20 398 349 22 33 50
