# Raince fr.2984 cluster ids
73;81;24;72;103;96;15;80;87;64;70;15;89;21;06;07;106;26;24;134;118;77;23;56;55;36;115;92;10;24;77;96;112;120;129;117;29;33;04;135;138;54;22;138;111;75;110;48;65;140;15;29;77;76;47
107;101;02;77;56;54;22;70;77;101;58;122;79;117;60;15;31;88;77;98;58;120;75;124;29;45;06;140;58;55;70;14;80;42;70;27;26;24;72;77;18;77;131;133;26;22;65;77;123;70;29;77;18;69;15;07;53;103;71;71;117;130;54
64;32;77;60;70;70;129;76;79;24;77;80;120;29;102;56;93;87;41;31;01;62;28;34;102;45;16;140;102;52;71;115;111;135;02;15;81;118;130;28;43;112;03;69;99;128;60;94;87;139
16;29;58;115;55;77;102;57;73;77;45;46;109;01;138;25;123;11;43;117;112;64;08;43;42;70;95;60;56;101;08;67;81;60;31;71;77;61;19;58;47;115;64;52;67;111;122;56;22;85;22;65;63
02;79;89;115;102;56;60;125;10;43;63;115;54;124;58;101;02;119;57;103;118;113;92;41;75;87;58;90;74;90;126;140;103;58;83;108;92;12;24;83;110;54;108;14;114;132;56;101;80
138;01;109;81;117;122;10;40;138;111;54;16;89;93;79;51;121;31;103;42;117;15;28;49;112;52;63;139;14;28;125;58;138;61;53;51;41;102;79;64;138;122;38;65;18;33;70;60
92;08;21;71;81;19;30;101;58;121;119;103;130;119;50;105;83;72;04;138;54;124;71;75;34;56;46;91;113;30;90;52;54;20;129;54;61;47;123;64;139;71;18;76;125;69;66;38;99;13;31
79;74;41;70;09;58;82;79;115;125;108;49;45;84;81;13;129;19;103;29;79;22;76;77;109;79;114;119;40;138;83;08;75;118;02;103;29;58;90;58;55;30;48;79;42;87;119;92;125;58;20;128;60;37;111;68
88;80;105;108;60;120;75;90;06;110;58;08;74;125;04;47;16;46;126;93;116;89;121;06;126;41;103;61;19;139;61;55;126;90;124;89;02;89;70;128;89;53;22;102;121;54;97;30;94;97;87;77
90;115;60;122;27;83;62;30;101;56;15;113;43;112;72;77;74;15;04;122;31;117;87;56;66;23;134;12;19;139;111;105;71;139;22;56;53;35;09;116;130;117;101;16;132;18;25;56;77;109;77;25
74;29;62;79;24;139;15;67;108;60;122;139;34;117;51;118;128;18;101;118;73;102;71;101;58;84;03;05;73;69;77;58;128;17;13;03;122;117;130;55;83;65;10;19;140;38;03;34;128;140
09;28;79;53;119;128;36;115;139;103;119;16;132;58;103;119;96;60;140;30;85;08;138;58;23;133;65;113;37;10;19;56;123;02;65;124;73;19;111;88;59;140;111;03;34;130;140;32;71;73;110;140;06
115;101;58;119;102;74;55;79;104;57;07;51;17;44;56;100;140;65;71;53;34;03;111;75;76;15;58;83;65;03;15;108;125;93;58;95;136;54;108;91;10;19;83;110;105;35;54;113;34;128;19;72;70;79
74;126;89;75;54;67;12;18;139;112;94;73;42;125;69;38;63;125;117;61;101;87;55;32;64;123;52;137;61;76;73;43;103;49;111;80;123;15;01;122;32;138;87;117;56;60;122;110;138
135;26;72;21;52;54;30;01;62;30;102;04;139;103;57;12;41;52;64;112;108;121;79;53;132;42;123;71;140;13;67;106;27;125;128;76;32;34;114;140;69;87;02;15;126;122;26;25;43;65;73;29;03;128;47;16;15;44
72;129;77;114;28;10;43;83;71;105;123;58;104;128;54;37;17;07;24;21;75;79;113;01;81;76;114;121;31;104;24;72;15;32;140;126;82;71;51;77;45;119;09;101;70;71;34;130;139;103;94;04;99;15
37;29;15;16;118;138;28;24;112;52;101;01;34;54;14;87;119;126;41;104;20;43;79;49;112;140;36;102;09;76;15;115;74;28;124;130;82;31;05;140;57;82;115;70;34;128;89;52;71;75;124;115
74;128;90;119;101;58;131;60;60;140;117;42;102;49;08;135;125;35;58;122;28;115;122;130;65;111;73;71;140;15;91;45;75;47;58;102;02;71;128;140;37;118;01;103;37;136;102;71;80
79;01;49;76;120;79;114;41;63;24;35;102;128;39;122;138;116;19;101;122;118;126;19;101;20;76;70;103;53;37;130;43;102;55;114;103;75;31;34;49;70;128;118;76;124;44;128;101;37;03;27;133;65;130
121;64;10;43;139;115;125;30;126;117;91;108;46;84;08;15;126;19;102;31;71;114;125;02;33;126;89;73;133;22;65;108;120;32;118;02;103;30;89;119;128;41;101;34;115;82;139;103;99;15;89
64;121;117;08;01;35;46;130;101;32;10;24;52;111;10;42;58;17;44;130;122;52;79;56;60;130;93;115;02;84;93;33;129;24;21;107;55;121;56;103;113;105;16;79;34;58;74;37;89;23;23;36;70
59;90;127;55;23;83;124;64;01;140;61;34;82;112;116;23;48;101;113;121;29;02;70;32;23;83;07;43;140;117;19;103;71;44;42;89;64;38;33;75;15;48;140;111;90;09;119;87;101;71;73
107;60;15;129;102;74;22;113;60;36;74;52;64;01;43;91;101;58;122;15;44;126;21;57;122;06;140;58;54;111;128;54;61;18;114;04;57;53;31;71;113;116;117;19;123;25;22;66;114;36;79;52
98;127;55;125;57;117;61;63;42;101;08;16;110;109;138;74;87;71;63;113;92;98;07;15;44;02;103;61;58;36;130;42;124;94;04;64;137;102;52;16;37;129;19;125;79;52;38;42;87;24;22;52
122;44;43;06;07;114;124;23;133;65;101;56;15;129;90;90;04;55;71;110;31;138;36;60;122;115;29;53;52;21;37;118;129;132;139;16;43;135;54;122;56;98;127;53;18;37;102;59;104;118;70;42;25;43;64;114
14;31;140;127;93;52;33;09;45;126;41;22;95;08;140;102;58;28;126;41;124;64;125;54;102;40;117;13;108;124;75;30;83;112;09;140;124;117;102;121;59;11;42;72;138;111;52;124;68;09;07;112;124;31
119;124;05;08;89;79;74;13;108;10;19;56;87;82;09;80;124;15;102;140;119;92;09;43;29;102;58;90;73;82;91;02;41;81;82;74;119;02;102;71;52;14;81;79;115;118;43;140;124;48;122
130;76;102;56;28;128;135;74;51;82;64;124;130;54;24;24;85;101;126;89;07;41;90;74;114;93;90;58;76;02;119;81;102;111;108;118;70;40;125;140;54;42;103;124;95;128;136;22;98;58;122;90
92;115;90;56;82;29;10;41;74;84;115;79;136;15;92;120;80;137;61;82;58;40;74;76;02;63;34;129;89;74;10;42;74;111;10;41;52;118;58;101;122;130;93;16;117;61;51;118;129;41;102;33;99
125;117;31;58;102;81;79;74;124;02;118;81;74;31;118;128;41;101;02;41;30;63;28;10;41;74;109;57;132;138;102;74;64;15;02;46;140;54;133;53;02;34;130;140;67;95;02;136;15;69;58
82;91;52;53;79;101;58;02;21;128;55;103;74;29;128;41;101;71;114;139;10;41;74;90;128;76;79;138;17;91;124;75;139;61;54;80;41;74;63;09;79;64;117;102;81;71;83;84;43;89;03;33
129;117;91;79;139;15;29;10;41;63;120;74;102;130;117;31;15;53;69;09;40;39;64;10;41;117;89;36;140;80;82;79;102;130;140;92;140;02;89;92;128;19;124;117;116;42;74;22
64;101;74;125;119;129;85;79;44;09;15;63;81;10;41;73;15;57;11;41;116;85;09;75;54;34;130;39;58;79;140;15;89;75;91;79;56;34;34;113;54;140;124;54;118;03;102;79;80;33
107;102;124;71;75;79;64;137;15;37;124;58;117;61;82;52;43;74;84;74;82;04;60;84;102;79;75;118;09;102;82;58;82;75;125;29;102;76;06;76;122;129;138;82;61;34;01;40;132;140
64;71;75;79;140;15;29;48;98;80;132;140;102;56;15;16;46;138;82;89;01;124;81;31;138;123;95;02;117;15;30;119;16;102;122;56;124;23;83;84;108;13;32;102;57;122;59;10;19;140;52;123;70
86;32;126;19;72;92;07;24;48;68;81;60;68;107;93;10;42;58;15;83;70;60;54;73;125;120;91;94;09;140;13;69;12;66;56;118;128;41;74;05;129;82;103;52;124;119;56;15;29;63;11;23;138;81
115;93;91;56;08;14;15;108;119;31;57;79;74;84;41;89;56;82;93;02;32;138;25;95;07;13;91;140;126;82;81;124;107;82;74;123;32;06;140;56;60;63;07;138;82;15;69;01;90;126;89;79;97
43;70;116;41;28;102;128;140;120;95;129;140;124;64;11;24;140;01;40;79;107;47;56;82;140;56;103;08;02;46;101;128;90;73;49;71;81;74;56;124;118;127;60;15;57;79;80;132;40;122;79;140
17;35;58;79;137;125;08;82;32;118;74;56;82;79;102;57;28;129;41;91;119;129;43;74;84;52;90;139;57;43;112;86;83;06;140;74;82;51;124;91;86;64;34;102;07;88;90;127;82;120;75;137
65;64;61;82;107;40;102;133;41;74;83;63;34;82;119;79;75;125;94;129;89;122;140;63;43;63;99;105;10;40;140;71;63;43;124;30;15;01;24;124;56;79;73;23;85;123;56;82;75;124
06;01;89;102;108;92;10;132;74;15;115;83;10;40;83;111;02;33;129;138;30;95;02;117;15;30;124;138;125;129;19;79;16;117;82;57;90;115;82;31;85;110;81;116;115;82;40;114;79;58;89
108;47;58;101;81;16;34;115;13;44;16;118;126;41;117;140;36;15;02;40;124;58;74;128;17;15;16;120;140;128;82;12;40;80;84;128;82;54;75;120;58;01;132;75;40;102;81;125;67;113;82
17;128;102;74;20;108;82;28;126;41;28;79;80;84;42;39;140;71;64;74;79;121;119;130;82;79;140;67;12;40;80;15;108;91;58;90;119;122;84;02;107;120;29;128;140;91;119;02;132;80
115;80;02;33;126;138;29;63;40;125;79;73;71;137;63;79;74;10;41;130;89;90;130;82;125;52;140;61;34;85;75;43;74;139;107;33;129;19;122;02;89;132;139;58;60;34;130;130
111;40;01;34;108;74;31;140;103;118;129;41;102;15;119;12;40;75;138;01;62;61;82;107;40;12;43;138;08;106;36;54;91;108;124;29;56;108;68;18;127;65;91;122;129;85;28;75;58;15
60;129;103;77;122;108;55;65;66;41;51;71;12;38;72;57;119;52;19;71;47;79;129;19;05;92;51;90;48;97;125;98;57;90;54;82;31;118;127;42;102;14;114;10;42;116;85;85;52;21;13;102;06;119;31;118;127
137;74;92;07;40;29;102;82;90;115;85;31;85;108;117;13;89;55;114;02;33;80;54;137;21;73;64;111;52;79;136;14;67;70;48;90;07;94;81;136;17;28;33;82;60;79;137;123;14;45;24;24;102
125;111;52;121;05;47;03;24;72;08;86;107;83;08;02;103;60;57;124;118;03;103;28;139;30;105;10;19;75;70;109;112;52;43;102;119;103;56;22;52;82;91;52;23;85;71;138;21;83;76;29;12;19;56;88;32;128
116;112;02;46;31;73;60;76;31;57;53;71;103;57;140;112;105;64;94;115;104;127;88;75;55;68;75;28;01;132;57;43;102;114;104;129;89;48;85;91;71;52;23;103;122;114;122;35;02;34;68;106;27;65;85
125;07;55;123;112;24;72;14;32;65;115;79;75;21;118;77;76;14;74;114;28;83;111;73;41;103;119;103;128;41;131;138;17;31;48;35;64;37;127;41;37;119;112;04;139;52;71;08;24;32;101;58;93;15;45;126
66;77;26;24;10;43;140;126;119;93;71;42;33;101;01;89;125;52;98;05;01;07;06;110;75;125;136;04;137;35;55;93;117;95;52;43;123;28;11;42;75;23;26;22;65;77;04;03;87;81;25;37;111;103;77;130;36
115;39;54;05;107;122;128;60;60;85;80;12;43;51;54;128;76;26;26;26;65;52;37;112;23;89;04;89;05;140;57;82;38;137;25;137;102;58;121;119;128;49;76;111;77;112;23;89;79;138;18;03;76;69;23;66;23;10;24;60;55
68;140;07;125;52;18;58;103;126;136;30;07;132;73;18;74;57;71;75;43;04;86;112;48;43;103;71;127;68;51;103;128;138;32;63;55;55;130;138;25;67;104;77;111;87;94;137;77;01;27;66;23;50
88;85;112;32;75;49;54;110;10;41;140;52;96;120;37;71;51;70;96;58;125;133;19;25;43;119;115;75;71;136;32;52;102;23;26;42;68;104;43;136;49;65;51;102;64;108;30;71;74;131;77;139;102;33;82;14;77
10;42;52;112;48;110;137;13;92;48;47;123;15;75;41;53;89;75;102;64;100;01;136;63;94;73;132;58;85;65;27;66;42;140;71;105;110;115;62;61;76;130;138;132;35;53;32;115;131;82
64;114;76;71;51;76;31;06;136;119;55;64;29;126;18;37;63;03;137;23;83;82;125;06;60;69
59;90;50;85;33;18;112;140;61;76;75;116;103;138;85;89;121;14;114;38;45;89;52;74;64;122;129;117;103;04;53;05;126;118;01;140;52;34;10;43;52;04;80;90;07;53;30;128;116;54
07;113;92;51;71;129;93;57;16;110;33;137;72;24;02;15;113;24;03;86;71;52;77;109;136;13;89;12;42;51;33;54;61;46;60;75;82;68;140;07;45;128;98;36;114;79;42;10;43;117;55;16;46;113
47;08;51;64;95;103;01;76;15;108;121;13;127;111;51;64;20;130;102;51;23;23;42;12;43;139;111;07;36;129;138;29;52;82;34;129;88;52;71;52;36;77;48;103;125;47;09;119;87;132;59;77
01;103;112;87;27;23;26;16;122;129;55;103;73;28;129;24;102;83;41;114;35;02;71;136;15;35;38;36;130;136;103;22;14;75;40;76;15;130;43;74;37;33;28;128;25;32;17;96;66;23;139;20;54
24;64;104;03;137;15;28;52;53;37;103;57;65;65;39;47;52;26;48;69;81;113;28;119;55;03;111;18;25;15;69;30;16;76;31;110;119;01;104;68;137;14;24;135;01;102;18;18;32;81;42;27;12;23;18;18;07;131;04;09;38;46;70;79;72
102;126;15;45;58;119;103;52;21;71;113;07;03;34;113;102;138;31;58;113;36;15;51;18;69;113;49;55;43;89;31;48;26;119;04;132;48;07;24;135;137;15;37;106;22;71;51;77;07;114;49;55;128;119;69;112
127;93;51;16;76;33;138;20;07;43;62;37;58;79;75;25;02;137;55;14;32;18;55;36;113;104;137;35;76;27;22;42;65;113;36;62;18;51;138;07;71;74;59;119;97;103;135;08;77;128;25;29;118;114
28;127;55;31;73;119;58;21;15;135;34;66;46;15;128;19;47;18;18;58;104;133;42;59;09;31;130;19;29;113;110;140;38;04;77;61;57;55;13;04;77;45;136;97;88;17;48;27;104
13;45;36;52;26;26;134;71;29;02;55;29;10;42;51;136;01;89;119;47;42;79;113;77;54;30;135;68;16;103;58;118;135;24;25;127;19;36;103;48;34;113;35;04;88;25;15;42;66;19;52;07;77;06
16;132;77;74;24;102;119;40;71;137;13;29;64;08;94;38;18;18;13;68;51;54;28;73;119;71;103;57;08;123;48;05;19;05;08;52;07;23;135;33;13;71;64;51;18;113;132;39;97
68;114;77;42;102;13;10;42;136;112;53;73;111;43;88;128;33;129;137;68;118;07;102;135;114;103;64;15;36;24;25;71;119;66;66;23;80;135;10;23;60;25;24;18;118;57;14;37;65;22
108;26;26;26;65;118;52;21;35;57;11;26;138;52;22;37;07;24;72;110;126;60;139;22;76;33;33;71;136;17;29;110;24;15;63;90;07;21;37;48;71;136;13;32;77;138;110;34;25;51;72;24;89
08;77;18;13;102;137;118;31;83;42;65;06;115;15;103;130;89;98;127;53;124;75;140;61;35;76;75;23;102;12;42;02;34;102;74;63;114;23;15;108;12;23;133;19;65;136;03;89;09;77;37;77
124;95;130;89;122;115;124;15;101;137;118;92;71;52;21;16;71;33;137;25;64;11;24;136;34;136;75;68;115;55;28;07;23;07;136;100;118;48;27;103;138;38;23;42;86;119;03;103;67;76;25
108;54;125;111;74;94;52;47;04;102;57;138;51;64;55;115;123;13;07;88;119;07;21;128;19;140;110;106;26;72;114;120;94;126;102;61;51;35;76;131;66;26;22;106;38;136;18;64;125;07;53;77
26;26;42;65;119;126;137;119;32;71;75;94;02;19;112;32;58;15;114;07;81;02;118;129;74;28;58;114;31;119;128;102;28;58;34;90;126;119;125;73;06;61;53;135;27;27;25;24;116;103;46;60;61;37
77;52;24;61;103;03;53;31;79;129;97;01;136;61;114;52;55;29;126;19;35;75;122;111;52;121;85;65;21;129;103;37;76;19;27;66;42;127;76;119;128;19;72;47;117;139;68;119;77;55;22
64;74;102;64;15;02;102;08;51;125;61;113;82;20;110;24;135;136;15;32;64;125;127;55;67;76;24;89;37;56;24;117;127;24;103;07;70;113;13;07;75;25;79;137;13;24;42;22;136;98;108;63;45;42;23;07;23
114;71;08;40;108;14;99;115;67;21;57;100;05;112;120;57;07;127;76;02;52;23;103;123;119;74;127;118;50;105;10;24;102;87;52;58;29;136;48;55;61;82;108;65;66;43;56;79;41;76;68;25;13;37;64;113;68;11;23;136;07;112
62;89;07;89;29;61;102;07;52;92;127;85;111;137;61;07;69;137;76;35;76;119;126;24;74;112;113;21;79;129;98;97;04;137;61;108;123;12;23;137;112;106;96;71;137;21;77;60;68;07;113;79;138;14;25;64;07;70;127;117;102;21;36
33;18;113;103;67;119;126;42;103;111;43;89;33;129;85;112;07;65;24;11;42;63;138;85;68;63;95;57;102;57;103;27;66;26;54;87;76;56;118;102;137;57;70;129;41;70;117;136;101;118;24;70;101;59;22;127;54;96;68;39
137;57;85;16;57;66;24;72;136;123;118;51;43;36;77;76;137;104;71;76;33;127;43;66;79;96;82;47;125;13;104;136;119;104;77;112;03;104;81;57;95;75;82;24;60;17;129;104;60;24;65;66;23;52;137;59;15;103;127;88;95;55;45
90;57;98;52;82;68;62;62;61;85;130;138;123;28;101;52;05;136;58;54;112;65;119;56;103;125;130;68;08;61;56;115;29;125;09;118;130;103;29;58;114;98;03;137;66;17;73;12;24;63;29;136;54;24;97
87;52;100;57;54;31;138;51;55;34;130;89;90;75;62;28;102;08;137;49;76;15;28;95;03;137;66;81;54;37;90;36;55;79;32;130;18;18;103;116;129;24;25;73;53;03;79;34;114;102;67;140;102;54
67;32;53;61;138;126;43;101;113;76;119;112;07;137;54;58;119;112;07;13;57;119;103;52;18;71;24;119;07;112;81;136;21;46;60;60;82;98;100;58;118;137;51;32;103;127;07;76;37;38;127;85;99;127;28;45;129;102;56;112;133;85
66;51;14;104;82;67;07;137;102;82;126;43;125;57;103;40;117;67;57;24;103;79;24;79;136;13;67;64;11;24;137;113;123;25;126;137;68;137;14;88;118;127;23;103;07;70;89;132;110;66;22;18;14;32;51;53;132;87;103;110;46;93;07;46;123;119
103;126;119;50;105;11;42;57;87;21;67;129;137;24;66;14;07;43;66;115;71;51;67;129;19;67;112;75;90;07;110;111;63;20;93;76;68;07;137;125;70;102;58;59;114;69;65;66;33;48;79;56;86;23;92;102;128;89;93;95;127;88;22
49;06;112;03;70;76;137;67;51;24;24;57;113;33;128;42;57;79;75;66;71;60;58;76;119;27;24;18;103;24;136;13;37;119;36;24;103;49;112;24;89;113;68;25;24;25;65;51;125;13;07;89;11;24;137;90;126;90;117;138;29;109;52;71;115;132;23;19
68;137;13;67;07;100;57;71;136;103;52;64;37;75;51;22;119;03;104;126;87;26;83;73;123;37;39;72;36;72;45
129;05;64;117;57;101;83;65;66;116;06;110;55;108;64;95;75;132;121;32;62;10;25;66;28;103;01;117;85;15;32;74;35;76;05;102;80;94;70;81;05;06;76;71;48;66;130;93;80;96;101;64;101
116;90;80;108;31;121;75;82;95;33;117;103;74;96;30;10;40;52;108;49;76;15;130;101;53;96;20;85;66;77;138;73;62;49;111;33;117;133;134;94;75;139;120;67;64;49;112;131;60;101;03;15;73
63;10;24;72;139;07;48;66;07;80;119;56;33;124;68;34;59;94;01;117;101;51;121;17;75;101;52;23;48;98;80;100;82;64;32;114;30;66;66;40;58;124;46;85;118;50;53;30;136;95
117;14;01;32;22;80;96;102;130;117;30;133;134;112;131;17;01;32;124;52;23;26;134;79;80;111;131;31;116;31;03;112;74;97;101;33;116;82;73;79;108;121;131;98;01;117;125;82;64;60;32;79;47
125;56;79;74;97;123;23;83;138;102;64;07;76;69;84;131;109;46;74;30;46;32;118;83;66;81;102;84;131;82;27;85;66;32;79;60;100;64;121;116;74;32;52;108;82;27;133;66;120;130;18;121;119;139
103;01;82;69;27;133;66;125;117;118;101;130;65;76;110;52;25;77;76;32;64;11;24;25;37;112;85;89;02;121;117;79;34;102;133;22;27;17;46;80;27;64;26;85;27;74;10;40;139;54;75;59;73;34
121;68;51;62;111;131;118;111;19;125;61;103;133;25;66;82;63;53;03;132;99;55;79;96;34;90;64;82;79;52;108;67;98;131;16;138;17;30;80;82;111;131;23;24;22;66;118;102;75
124;73;54;17;113;77;65;27;24;65;48;10;24;75;139;114;121;14;103;138;118;33;117;132;52;111;80;97;32;24;29;43;97;42;72;87;113;83;112;73;121;68;81;67;117;40;138;110;23;133;66;121;73;82;29
59;101;127;128;50;136;32;64;73;67;10;43;108;10;46;131;63;82;32;49;111;54;118;74;82;133;134;120;75;64;103;130;117;30;49;112;88;102;74;21;118;76;102;52;56;79;107;46
118;07;74;36;79;51;55;30;40;102;73;64;110;117;82;48;65;60;52;71;113;67;101;128;48;52;102;140;69;133;134;118;71;130;20;117;17;88;64;107;92;10;43;117;111;82;80;46;122
32;138;07;90;131;117;120;75;75;82;124;51;64;27;66;42;77;71;48;52;124;17;44;122;73;23;25;24;53;122;62;132;51;54;67;133;24;66;118;74;140;76;120;31;73;35;110;107;95;130;74
90;108;83;80;32;27;66;40;54;111;58;24;72;120;32;131;117;82;122;116;49;112;03;117;46;65;56;111;81;26;26;19;72;62;113;40;23;66;24;92;80;24;48;125;138;95;101;63;17;45;73;98;56;82;69;115;29
21;137;76;17;60;96;103;26;83;57;98;113;82;27;26;24;65;32;139;69;133;24;66;75;124;30;130;139;29;113;60;30;101;108;58;82;05;108;125;116;49;54;61;60;27;48;58;86;92;64;95;04;117;15;67;17;65
75;07;131;10;43;85;25;14;69;97;89;69;133;25;66;51;69;10;24;75;112;138;49;54;62;34;58;54;138;73;76;64;32;80;133;85;69;118;108;101;138;110;64;07;10;40;71;83;111;120;74;69;74
127;93;117;139;68;119;74;126;48;17;113;79;130;139;68;133;25;66;120;73;69;112;108;90;07;35;76;32;48;66;79;73;17;108;10;43;92;52;72;79;96;17;50;120;30;75;64;79;74;79;108;112;131;77
85;75;125;51;120;67;116;140;32;103;90;118;23;24;26;72;46;62;32;101;73;71;63;36;53;27;110;82;77;133;134;56;33;130;21;36;32;52;24;66;65;25;25;66;27;66;24;72;137;112;64;80;82;69;108;82;65;83
110;127;138;32;10;43;54;95;56;139;122;32;63;15;75;10;46;58;82;113;130;19;77;131;85;31;95;02;138;74;74;16;50;06;69;75;72;131;67;108;29;74;56;120;90;49;01;111;64
94;02;117;15;32;133;42;66;12;43;82;27;48;85;75;84;113;82;03;129;99;69;03;79;34;113;74;69;89;129;97;23;26;43;66;108;102;69;58;90;74;56;23;83;33;46;140;82;10;46;117;77
71;74;60;21;94;53;40;120;32;74;58;70;74;80;27;18;117;46;87;54;69;133;85;65;46;69;65;66;43;82;119;130;42;72;139;32;05;138;74;54;62;120;06;79;80;100;103;23;24;134;56;103;59;77
73;69;04;46;117;12;42;139;111;52;133;85;66;122;32;117;30;64;03;06;53;27;82;17;111;80;74;33;10;40;75;55;47;103;130;36;119;43;82;67;79;117;17;122;30;52;71;56
79;52;112;131;133;22;66;62;32;102;53;110;64;74;71;138;33;17;32;69;02;140;112;04;46;101;130;117;28;48;72;32;43;122;140;24;74;125;84;80;97;90;117;89;80;100;82;63;82;82;78
