# Raince fr.2984 cluster ids
38;42;12;37;51;48;08;41;43;32;35;08;44;11;03;04;52;13;12;68;58;40;12;29;28;18;56;46;06;12;40;48;54;60;64;57;14;17;02;68;70;28;11;70;54;39;54;25;33;70;08;14;40;39;25
53;50;01;40;29;28;11;35;40;50;29;61;41;57;30;08;15;44;40;49;29;60;39;62;14;24;03;70;29;28;35;07;41;22;35;13;13;12;37;40;10;40;65;67;13;11;33;40;62;35;14;40;10;35;08;04;28;51;36;36;57;65;28
32;16;40;30;35;35;64;39;41;12;40;41;60;14;50;29;46;43;21;15;01;30;14;17;50;24;09;70;50;27;36;56;54;68;01;08;42;58;65;14;23;54;02;35;49;64;30;47;43;70
09;14;29;56;28;40;50;29;38;40;24;25;54;01;70;13;62;06;23;57;54;32;05;23;22;35;47;30;29;50;05;34;42;30;15;36;40;30;10;29;25;56;32;27;34;54;61;29;11;43;11;33;31
01;41;44;56;50;29;30;62;06;23;31;56;28;62;29;50;01;59;29;51;58;55;46;21;39;43;29;45;38;45;63;70;51;29;43;53;46;06;12;43;54;28;53;07;56;66;29;50;41
70;01;54;42;57;61;06;21;70;54;28;09;44;46;41;26;60;15;51;22;57;08;14;26;54;27;31;70;07;14;62;29;70;30;28;26;21;50;41;32;70;61;20;33;10;17;35;30
46;05;11;36;42;10;14;50;29;60;59;51;65;59;26;52;43;37;02;70;28;62;36;39;17;29;25;46;55;14;45;27;28;11;64;28;30;25;62;32;70;36;10;39;62;35;33;20;49;07;15
41;38;21;35;05;29;42;41;56;62;53;26;24;43;42;07;64;10;51;14;41;11;39;40;54;41;56;59;21;70;43;05;39;58;01;51;14;29;45;29;28;14;25;41;22;43;59;46;62;29;11;64;30;19;54;34
44;41;52;53;30;60;39;45;03;54;29;05;38;62;02;25;09;25;63;46;57;44;60;03;63;21;51;30;10;70;30;28;63;45;62;44;01;44;35;64;44;28;11;50;60;28;48;14;47;48;43;40
45;56;30;61;13;43;30;14;50;29;08;55;23;54;37;40;38;08;02;61;15;57;43;29;33;12;68;06;10;70;54;52;36;70;11;29;28;18;05;57;65;57;50;09;66;10;13;29;40;54;40;13
38;14;30;41;12;70;08;34;53;30;61;70;17;57;26;58;64;10;50;58;38;50;36;50;29;43;02;03;38;35;40;29;64;09;07;02;61;57;65;28;43;33;06;10;70;20;02;17;64;70
05;14;41;28;59;64;18;56;70;51;59;09;66;29;51;59;48;30;70;14;43;05;70;29;12;67;33;55;19;06;10;29;62;01;33;62;38;10;54;44;30;70;54;02;17;65;70;16;36;38;54;70;03
56;50;29;59;50;38;28;41;52;29;04;26;09;24;29;49;70;33;36;28;17;02;54;39;39;08;29;43;33;02;08;53;62;46;29;47;69;28;53;46;06;10;43;54;52;18;28;55;17;64;10;37;35;41
38;63;44;39;28;34;06;10;70;54;47;38;22;62;35;20;31;62;57;30;50;43;28;16;32;62;27;69;30;39;38;23;51;26;54;41;62;08;01;61;16;70;43;57;29;30;61;54;70
68;13;37;11;27;28;14;01;30;14;50;02;70;51;29;06;21;27;32;54;53;60;41;28;66;22;62;36;70;07;34;52;13;62;64;39;16;17;56;70;35;43;01;08;63;61;13;13;23;33;38;14;02;64;25;09;08;24
37;64;40;56;14;06;23;43;36;52;62;29;52;64;28;19;09;04;12;11;39;41;55;01;42;39;56;60;15;52;12;37;08;16;70;63;42;36;26;40;24;59;05;50;35;36;17;65;70;51;47;02;49;08
19;14;08;09;58;70;14;12;54;27;50;01;17;28;07;43;59;63;21;52;11;23;41;26;54;70;18;50;05;39;08;56;38;14;62;65;42;15;03;70;29;42;56;35;17;64;44;27;36;39;62;56
38;64;45;59;50;29;65;30;30;70;57;22;50;26;05;68;62;18;29;61;14;56;61;65;33;54;38;36;70;08;46;24;39;25;29;50;01;36;64;70;19;58;01;51;19;69;50;36;41
41;01;26;39;60;41;56;21;31;12;18;50;64;20;61;70;57;10;50;61;58;63;10;50;11;39;35;51;28;19;65;23;50;28;56;51;39;15;17;26;35;64;58;39;62;24;64;50;19;02;13;67;33;65
60;32;06;23;70;56;62;14;63;57;46;53;25;43;05;08;63;10;50;15;36;56;62;01;17;63;44;38;67;11;33;53;60;16;58;01;51;14;44;59;64;21;50;17;56;42;70;51;49;08;44
32;60;57;05;01;18;25;65;50;16;06;12;27;54;06;22;29;09;24;65;61;27;41;29;30;65;46;56;01;43;46;17;64;12;11;53;28;60;29;51;55;52;09;41;17;29;38;19;44;12;12;18;35
30;45;63;28;12;43;62;32;01;70;30;17;42;54;57;12;25;50;55;60;14;01;35;16;12;43;04;23;70;57;10;51;36;24;22;44;32;20;17;39;08;25;70;54;45;05;59;43;50;36;38
53;30;08;64;50;38;11;55;30;18;38;27;32;01;23;46;50;29;61;08;24;63;11;29;61;03;70;29;28;54;64;28;30;10;56;02;29;28;15;36;55;57;57;10;62;13;11;33;56;18;41;27
49;63;28;62;29;57;30;31;22;50;05;09;54;54;70;38;43;36;31;55;46;49;04;08;24;01;51;30;29;18;65;22;62;47;02;32;69;50;27;09;19;64;10;62;41;27;20;22;43;12;11;27
61;24;23;03;04;56;62;12;67;33;50;29;08;64;45;45;02;28;36;54;15;70;18;30;61;56;14;28;27;11;19;58;64;66;70;09;23;68;28;61;29;49;63;28;10;19;50;30;52;58;35;22;13;23;32;56
07;15;70;63;46;27;17;05;24;63;21;11;47;05;70;50;29;14;63;21;62;32;62;28;50;21;57;07;53;62;39;14;43;54;05;70;62;57;50;60;30;06;22;37;70;54;27;62;34;05;04;54;62;15
59;62;03;05;44;41;38;07;53;06;10;29;43;42;05;41;62;08;50;70;59;46;05;23;14;50;29;45;38;42;46;01;21;42;42;38;59;01;50;36;27;07;42;41;56;58;23;70;62;25;61
65;39;50;29;14;64;68;38;26;42;32;62;65;28;12;12;43;50;63;44;04;21;45;38;56;46;45;29;39;01;59;42;50;54;53;58;35;21;62;70;28;22;51;62;47;64;69;11;49;29;61;45
46;56;45;29;42;14;06;21;38;43;56;41;69;08;46;60;41;69;30;42;29;21;38;39;01;31;17;64;44;38;06;22;38;54;06;21;27;58;29;50;61;65;46;09;57;30;26;58;64;21;50;17;49
62;57;15;29;50;42;41;38;62;01;58;42;38;15;58;64;21;50;01;21;14;31;14;06;21;38;54;29;66;70;50;38;32;08;01;25;70;28;67;28;01;17;65;70;34;47;01;69;08;35;29
42;46;27;28;41;50;29;01;11;64;28;51;38;14;64;21;50;36;56;70;06;21;38;45;64;39;41;70;09;46;62;39;70;30;28;41;21;38;31;05;41;32;57;50;42;36;43;43;23;44;02;17
64;57;46;41;70;08;14;06;21;31;60;38;50;65;57;15;08;28;35;05;21;20;32;06;21;57;44;18;70;41;42;41;50;65;70;46;70;01;44;46;64;10;62;57;57;22;38;11
32;50;38;62;59;64;43;41;24;05;08;31;42;06;21;38;08;29;06;21;57;43;05;39;28;17;65;20;29;41;70;08;44;39;46;41;29;17;17;55;28;70;62;28;58;02;50;41;41;17
53;50;62;36;39;41;32;69;08;19;62;29;57;30;42;27;23;38;43;38;42;02;30;43;50;41;39;58;05;50;42;29;42;39;62;14;50;39;03;39;61;64;70;42;30;17;01;21;66;70
32;36;39;41;70;08;14;25;49;41;66;70;50;29;08;09;25;70;42;44;01;62;42;15;70;62;47;01;57;08;14;59;09;50;61;29;62;12;43;43;53;07;16;50;29;61;30;06;10;70;27;62;35
43;16;63;10;37;46;04;12;25;34;42;30;34;53;46;06;22;29;08;43;35;30;28;38;62;60;46;47;05;70;07;35;06;33;29;58;64;21;38;03;64;42;51;27;62;59;29;08;14;31;06;12;70;42
56;46;46;29;05;07;08;53;59;15;29;41;38;43;21;44;29;42;46;01;16;70;13;47;04;07;46;70;63;42;42;62;53;42;38;62;16;03;70;29;30;31;04;70;42;08;35;01;45;63;44;41;48
23;35;57;21;14;50;64;70;60;47;64;70;62;32;06;12;70;01;21;41;53;25;29;42;70;29;51;05;01;25;50;64;45;38;26;36;42;38;29;62;58;63;30;08;29;41;41;66;21;61;41;70
09;18;29;41;69;62;05;42;16;58;38;29;42;41;50;29;14;64;21;46;59;64;23;38;43;27;45;70;29;23;54;43;43;03;70;38;42;26;62;46;43;32;17;50;04;44;45;63;42;60;39;69
33;32;30;42;53;21;50;67;21;38;43;31;17;42;59;41;39;62;47;64;44;61;70;31;23;31;49;52;06;21;70;36;31;23;62;14;08;01;12;62;29;41;38;12;43;62;29;42;39;62
03;01;44;50;53;46;06;66;38;08;56;43;06;21;43;54;01;17;64;70;14;47;01;57;08;14;62;70;62;64;10;41;09;57;42;29;45;56;42;15;43;54;42;57;56;42;21;56;41;29;44
53;25;29;50;42;09;17;56;07;24;09;58;63;21;57;70;18;08;01;21;62;29;38;64;09;08;09;60;70;64;42;06;21;41;43;64;42;28;39;60;29;01;66;39;21;50;42;62;34;55;42
09;64;50;38;11;53;42;14;63;21;14;41;41;43;22;20;70;36;32;38;41;60;59;65;42;41;70;34;06;21;41;08;53;46;29;45;59;61;43;01;53;60;14;64;70;46;59;01;66;41
56;41;01;17;63;70;14;31;21;62;41;38;36;69;31;41;38;06;21;65;44;45;65;42;62;27;70;30;17;43;39;23;38;70;53;17;64;10;61;01;44;66;70;29;30;17;65;65
54;21;01;17;53;38;15;70;51;58;64;21;50;08;59;06;21;39;70;01;30;30;42;53;21;06;23;70;05;52;18;28;46;53;62;14;29;53;34;10;63;33;46;61;64;43;14;39;29;08
30;64;51;40;61;53;28;33;33;21;26;36;06;20;37;29;59;27;10;36;25;41;64;10;03;46;26;45;25;48;62;49;29;45;28;42;15;58;63;22;50;07;56;06;22;57;43;43;27;11;07;50;03;59;15;58;63
69;38;46;04;21;14;50;42;45;56;43;15;43;53;57;07;44;28;56;01;17;41;28;69;11;38;32;54;27;41;69;07;34;35;25;45;04;47;42;69;09;14;17;42;30;41;69;62;07;24;12;12;50
62;54;27;60;03;25;02;12;37;05;43;53;43;05;01;51;30;29;62;58;02;51;14;70;14;52;06;10;39;35;54;54;27;23;50;59;51;29;11;27;42;46;27;12;43;36;70;11;43;39;14;06;10;29;44;16;64
57;54;01;25;15;38;30;39;15;29;28;36;51;29;70;54;52;32;47;56;52;63;44;39;28;34;39;14;01;66;29;23;50;56;52;64;44;25;43;46;36;27;12;51;61;56;61;18;01;17;34;52;13;33;43
62;04;28;62;54;12;37;07;16;33;56;41;39;11;58;40;39;07;38;56;14;43;54;38;21;51;59;51;64;21;65;70;09;15;25;18;32;19;63;21;19;59;54;02;70;27;36;05;12;16;50;29;46;08;24;63
33;40;13;12;06;23;70;63;59;46;36;22;17;50;01;44;62;27;49;03;01;04;03;54;39;62;69;02;69;18;28;46;57;47;27;23;62;14;06;22;39;12;13;11;33;40;02;02;43;42;13;19;54;51;40;65;18
56;20;28;03;53;61;64;30;30;43;41;06;23;26;28;64;39;13;13;13;33;27;19;54;12;44;02;44;03;70;29;42;20;69;13;69;50;29;60;59;64;26;39;54;40;54;12;44;41;70;10;02;39;35;12;33;12;06;12;30;28
34;70;04;62;27;10;29;51;63;69;14;04;66;38;10;38;29;36;39;23;02;43;54;25;23;51;36;63;34;26;51;64;70;16;31;28;28;65;70;13;34;52;40;54;43;47;69;40;01;13;33;12;26
44;43;54;16;39;26;28;54;06;21;70;27;48;60;19;36;26;35;48;29;62;67;10;13;23;59;56;39;36;69;16;27;50;12;13;22;34;52;23;69;26;33;26;50;32;53;14;36;38;65;40;70;50;17;42;07;40
06;22;27;54;25;54;69;07;46;25;25;62;08;39;21;28;44;39;50;32;49;01;69;31;47;38;66;29;43;33;13;33;22;70;36;52;54;56;30;30;39;65;70;66;18;28;16;56;65;42
32;56;39;36;26;39;15;03;69;59;28;32;14;63;10;19;31;02;69;12;43;42;62;03;30;35
30;45;26;43;17;10;54;70;30;39;39;57;51;70;43;44;60;07;56;20;24;44;27;38;32;61;64;57;51;02;28;03;63;58;01;70;27;17;06;23;27;02;41;45;04;28;14;64;57;28
04;55;46;26;36;64;46;29;09;54;17;69;37;12;01;08;55;12;02;43;36;27;40;54;69;07;44;06;22;26;17;28;30;25;30;39;42;34;70;04;24;64;49;18;56;41;22;06;23;57;28;09;25;55
25;05;26;32;47;51;01;39;08;53;60;07;63;54;26;32;11;65;50;26;12;12;22;06;23;70;54;04;18;64;70;14;27;42;17;64;44;27;36;27;18;40;25;51;62;25;05;59;43;66;30;40
01;51;54;43;13;12;13;09;61;64;28;51;38;14;64;12;50;43;21;56;18;01;36;69;08;18;20;18;65;69;51;11;07;39;21;39;08;65;23;38;19;17;14;64;13;16;09;48;33;12;70;11;28
12;32;52;02;69;08;14;27;28;19;51;29;33;33;20;25;27;13;25;35;42;55;14;59;28;02;54;10;13;08;35;14;09;39;15;54;59;01;52;34;69;07;12;68;01;50;10;10;16;42;22;13;06;12;10;10;04;65;02;05;20;25;35;41;37
50;63;08;24;29;59;51;27;11;36;55;04;02;17;55;50;70;15;29;55;18;08;26;10;35;55;26;28;23;44;15;25;13;59;02;66;25;04;12;68;69;08;19;52;11;36;26;40;04;56;26;28;64;59;35;54
63;46;26;09;39;17;70;11;04;23;30;19;29;41;39;13;01;69;28;07;16;10;28;18;55;52;69;18;39;13;11;22;33;55;18;30;10;26;70;04;36;38;30;59;48;51;68;05;40;64;13;14;58;56
14;63;28;15;38;59;29;11;08;68;17;33;25;08;64;10;25;10;10;29;52;67;22;30;05;15;65;10;14;55;54;70;20;02;40;30;29;28;07;02;40;24;69;48;44;09;25;13;52
07;24;18;27;13;13;68;36;14;01;28;14;06;22;26;69;01;44;59;25;22;41;55;40;28;14;68;34;09;51;29;58;68;12;13;63;10;18;51;25;17;55;18;02;44;13;08;22;33;10;27;04;40;03
09;66;40;38;12;50;59;21;36;69;07;14;32;05;47;20;10;10;07;34;26;28;14;38;59;36;51;29;05;62;25;03;10;03;05;27;04;12;68;17;07;36;32;26;10;55;66;20;48
34;56;40;22;50;07;06;22;69;54;28;38;54;23;44;64;17;64;69;34;58;04;50;68;56;51;32;08;18;12;13;36;59;33;33;12;41;68;06;12;30;13;12;10;58;29;07;19;33;11
53;13;13;13;33;58;27;11;18;29;06;13;70;27;11;19;04;12;37;54;63;30;70;11;39;17;17;36;69;09;14;54;12;08;31;45;04;11;19;25;36;69;07;16;40;70;54;17;13;26;37;12;44
05;40;10;07;50;69;58;15;43;22;33;03;56;08;51;65;44;49;63;28;62;39;70;30;18;39;39;12;50;06;22;01;17;50;38;31;56;12;08;53;06;12;67;10;33;69;02;44;05;40;19;40
62;47;65;44;61;56;62;08;50;69;58;46;36;27;11;09;36;17;69;13;32;06;12;69;17;69;39;34;56;28;14;04;12;04;69;49;58;25;13;51;70;20;12;22;43;59;02;51;34;39;13
53;28;62;54;38;47;27;25;02;50;29;70;26;32;28;56;62;07;04;44;59;04;11;64;10;70;54;52;13;37;56;60;47;63;50;30;26;18;39;65;33;13;11;52;20;69;10;32;62;04;28;40
13;13;22;33;59;63;69;59;16;36;39;47;01;10;54;16;29;08;56;04;42;01;58;64;38;14;29;56;15;59;64;50;14;29;17;45;63;59;62;38;03;30;28;68;13;13;13;12;57;51;25;30;30;19
40;27;12;30;51;02;28;15;41;64;48;01;69;30;56;27;28;14;63;10;18;39;61;54;27;60;43;33;11;64;51;19;39;10;13;33;22;63;39;59;64;10;37;25;57;70;34;59;40;28;11
32;38;50;32;08;01;50;05;26;62;30;55;42;11;54;12;68;69;08;16;32;62;63;28;34;39;12;44;19;29;12;57;63;12;51;04;35;55;07;04;39;13;41;69;07;12;22;11;69;49;53;31;24;22;12;04;12
56;36;05;21;53;07;49;56;34;11;29;49;03;54;60;29;04;63;39;01;27;12;51;62;59;38;63;58;26;52;06;12;50;43;27;29;14;69;25;28;30;42;53;33;33;23;29;41;21;39;34;13;07;19;32;55;34;06;12;69;04;54
30;44;04;44;14;30;50;04;27;46;63;43;54;69;30;04;35;69;39;18;39;59;63;12;38;54;55;11;41;64;49;48;02;69;30;53;62;06;12;69;54;52;48;36;69;11;40;30;34;04;55;41;70;07;13;32;04;35;63;57;50;11;18
17;10;55;51;34;59;63;22;51;54;23;44;17;64;43;54;04;33;12;06;22;31;70;43;34;31;47;29;50;29;51;13;33;13;28;43;39;29;58;50;69;29;35;64;21;35;57;69;50;58;12;35;50;30;11;63;28;48;34;20
69;29;43;09;29;33;12;37;69;62;58;26;23;18;40;39;69;52;36;39;17;63;23;33;41;48;42;25;62;07;52;69;59;52;40;54;02;52;42;29;47;39;42;12;30;09;64;52;30;12;33;33;12;27;69;30;08;51;63;44;47;28;24
45;29;49;27;42;34;30;30;30;43;65;70;62;14;50;27;03;69;29;28;54;33;59;29;51;62;65;34;05;30;29;56;14;62;05;58;65;51;14;29;56;49;02;69;33;09;38;06;12;31;14;69;28;12;48
43;27;49;29;28;15;70;26;28;17;65;44;45;39;30;14;50;05;69;26;39;08;14;47;02;69;33;42;28;19;45;18;28;41;16;65;10;10;51;57;64;12;13;38;28;02;41;17;56;50;34;70;50;28
34;16;28;30;70;63;23;50;55;39;59;54;04;69;28;29;59;54;04;07;29;59;51;27;10;36;12;59;04;54;42;69;11;25;30;30;42;49;49;29;58;69;26;16;51;63;04;39;19;20;63;43;49;63;14;24;64;50;29;54;67;43
33;26;07;52;42;34;04;69;50;42;63;23;62;29;51;21;57;34;29;12;51;41;12;41;69;07;34;32;06;12;69;55;62;13;63;69;34;69;07;44;58;63;12;51;04;35;44;66;54;33;11;10;07;16;26;28;66;43;51;54;25;46;04;25;62;59
51;63;59;26;52;06;22;29;43;11;34;64;69;12;33;07;04;23;33;56;36;26;34;64;10;34;54;39;45;04;54;54;31;11;46;39;34;04;69;62;35;50;29;30;56;35;33;33;17;25;41;29;43;12;46;50;64;44;46;47;63;44;11
26;03;54;02;35;39;69;34;26;12;12;29;55;17;64;22;29;41;39;33;36;30;29;39;59;13;12;10;51;12;69;07;19;59;18;12;51;26;54;12;44;55;34;13;12;13;33;26;62;07;04;44;06;12;69;45;63;45;57;70;14;54;27;36;56;66;12;10
34;69;07;34;04;49;29;36;69;51;27;32;19;39;26;11;59;02;52;63;43;13;43;38;62;19;20;37;18;37;24
64;03;32;57;29;50;43;33;33;57;03;54;28;53;32;47;39;66;60;16;30;06;13;33;14;51;01;57;43;08;16;38;18;39;03;50;41;47;35;42;03;03;39;36;25;33;65;46;41;48;50;32;50
57;45;41;53;15;60;39;42;47;17;57;51;38;48;14;06;21;27;53;26;39;08;65;50;28;48;11;43;33;40;70;38;30;26;54;17;57;67;68;47;39;70;60;34;32;26;54;65;30;50;02;08;38
31;06;12;37;70;04;25;33;04;41;59;29;17;62;34;17;30;47;01;57;50;26;60;09;39;50;27;12;25;49;41;49;42;32;16;56;14;33;33;21;29;62;25;43;58;26;28;14;69;47
57;07;01;16;11;41;48;50;65;57;14;67;68;54;65;09;01;16;62;27;12;13;68;41;41;54;65;15;57;15;02;54;38;48;50;17;57;42;38;41;53;60;65;49;01;57;62;42;32;30;16;41;25
62;29;41;38;48;62;12;43;70;50;32;04;39;35;43;65;54;25;38;14;25;16;58;43;33;42;50;43;65;42;13;43;33;16;41;30;49;32;60;57;38;16;27;53;42;13;67;33;60;65;10;60;59;70
51;01;42;35;13;67;33;62;57;58;50;65;33;39;54;27;13;40;39;16;32;06;12;13;19;54;43;44;01;60;57;41;17;50;67;11;13;09;25;41;13;32;13;43;13;38;06;21;70;28;39;30;38;17
60;34;26;30;54;65;58;54;10;62;30;51;67;13;33;42;31;28;02;66;49;28;41;48;17;45;32;42;41;27;53;34;49;65;09;70;09;14;41;42;54;65;12;12;11;33;58;50;39
62;38;28;09;55;40;33;13;12;33;25;06;12;39;70;56;60;07;51;70;58;17;57;66;27;54;41;48;16;12;14;23;48;22;37;43;55;43;54;38;60;34;42;34;57;21;70;54;12;67;33;60;38;42;14
30;50;63;64;26;69;16;32;38;34;06;23;53;06;25;65;31;42;16;26;54;28;58;38;42;67;68;60;39;32;51;65;57;14;26;54;44;50;38;11;58;39;50;27;29;41;53;25
58;04;38;18;41;26;28;14;21;50;38;32;54;57;42;25;33;30;27;36;55;34;50;64;25;27;50;70;35;67;68;58;36;65;11;57;09;44;32;53;46;06;23;57;54;42;41;25;61
16;70;04;45;65;57;60;39;39;42;62;26;32;13;33;22;40;36;25;27;62;09;24;61;38;12;13;12;28;61;30;66;26;28;34;67;12;33;58;38;70;39;60;15;38;18;54;53;47;65;38
45;53;43;41;16;13;33;21;28;54;29;12;37;60;16;65;57;42;61;57;26;54;02;57;25;33;29;54;42;13;13;10;37;30;55;21;12;33;12;46;41;12;25;62;70;47;50;31;09;24;38;49;29;42;35;56;14
11;69;39;09;30;48;51;13;43;29;49;55;42;13;13;12;33;16;70;35;67;12;33;39;62;14;65;70;14;55;30;14;50;53;29;42;03;53;62;57;26;28;30;30;13;25;29;43;46;32;47;02;57;08;34;09;33
39;04;65;06;23;43;13;07;35;48;44;35;67;13;33;26;35;06;12;39;54;70;26;28;30;17;29;28;70;38;39;32;16;41;67;43;35;58;53;50;70;54;32;04;06;21;36;43;54;60;38;35;38
63;46;57;70;34;59;38;63;25;09;55;41;65;70;34;67;13;33;60;38;35;54;53;45;04;18;39;16;25;33;41;38;09;53;06;23;46;27;37;41;48;09;26;60;14;39;32;41;38;41;53;54;65;40
43;39;62;26;60;34;57;70;16;51;45;58;12;12;13;37;25;30;16;50;38;36;31;18;28;13;54;42;40;67;68;29;17;65;11;18;16;27;12;33;33;13;13;33;13;33;12;37;69;54;32;41;42;35;53;42;33;43
54;63;70;16;06;23;28;47;29;70;61;16;31;08;39;06;25;29;42;55;65;10;40;65;43;15;47;01;70;38;38;09;26;03;35;39;37;65;34;53;14;38;29;60;45;26;01;54;32
47;01;57;08;16;67;22;33;06;23;42;13;25;43;39;43;55;42;02;64;49;35;02;41;17;55;38;35;44;64;48;12;13;23;33;53;50;35;29;45;38;29;12;43;17;25;70;42;06;25;57;40
36;38;30;11;47;28;21;60;16;38;29;35;38;41;13;10;57;25;43;28;35;67;43;33;25;35;33;33;23;42;59;65;22;37;70;16;03;70;38;28;30;60;03;41;41;49;51;12;12;68;29;51;30;40
38;35;02;25;57;06;22;70;54;27;67;43;33;61;16;57;14;32;02;03;28;13;42;09;54;41;38;17;06;21;39;28;25;51;65;18;59;23;42;34;41;57;09;61;14;27;36;29
41;27;54;65;67;11;33;30;16;50;28;54;32;38;36;70;17;09;16;35;01;70;54;02;25;50;65;57;14;25;37;16;23;61;70;12;38;62;43;41;48;45;57;44;41;49;42;31;42;42;40
