61 c5 n3 35 65 2 60 4 50 79 81 41 50
47 54 85 n1 79 38 47 55 n1 8 45 27 29 44 56 84 f2 74
49 80 30 28 29 90 32 211 186 2 50 47 77 19 40 83 n1 11 46
49 75 44 67 85 a1 5 64 14 77 20 40 79 88 214 58 3 15 4
76 19 38 84 n1 78 64 14 49 59 36 45 66 80 81 95 98 n1 o1
44 77 86 n1 p6 c1 57 4 49 78 87 c5 19 47 66 30
50 18 89 54 38 44 38 45 35 1 93 h1 80 412 16
49 79 85 n1 a4 15 22 27 3 n1 c2 22 44 80 38 84
d4 b2 h1 80 e4 67 47 76 c2 h1 80 376 16 27 29 45 76 66 148
58 03 a4 e5 32 59 05 c5 3 30 6 4 58 32 64 4 90
68 47 77 n1 327 57 34 3 4 6 30 28 69 88 c5 95 14 57 59 32
58 80 17 50 12 2 84 n2 e5 12 16 58 4 83 30 b2 h1 80 21 66
32 49 18 81 95 78 66 16 31 50 4 89 k1 98 n1 67 45 76 84 68 4
75 86 93 11 44 26 3 e5 8 4 80 12 40 83 f2
h1 80 32 25 1 85 57 39 17 27 29 a4 27 47 57 79 87 k4
36 17 31 50 4 59 82 59 35 16 64 5 c5 c2 e5 19 k1 n4 46 80
40 2 64 54 32 58 1 90 e4 f2 a4 35 46 57 60 30 23 27 3
83
