# R2232, Wolff to Princess Wilhelmina, 25 Jul 1801. Page order P2, P3, P1 (DECODE image numbers).
# Groups: N or N.k (superscript k, 1..4; bare = 1). '|' = word break; CAPITALS = clear text in the letter.
# P2
21.4 19 | 34 34.4 23 32.3 | 25.2 15 37 35 43.2 44.4 33 | 18 36.2 27.2 | 29.3 26 41.3 26.3 | 32 35.3 22.2 | 15 | 19 32.4 18.2
17.3 27.2 38 30 41 16.4 | 43 | VOTRE ALTESSE ROYALE | ET | 42.2 45.3 | 31.3 28.3 20.4 | 13.3 | 16 18.2 32.2 25.2 21.3 28 | 43.2 27.2
26.2 14.2 33 33.2 | 44.3 44.4 | 42.2 37.2 32.2 45 23.4 | 2.4 9.3 12.2 10.3 | 24.3 29.2 31.3 32.3 31.2 35.3 43.2 | 24 19 35 15 23 34
38 42.4 24.3 25.2 19 34 | 12.4 28 33.2 44 43 34.2 43.3 31.2 37 42.3 31.4 | 18 36.2 27.2 | 32.2 41.3 33.2 34 43.2 27 16 26 19
20 14.2 43.3 30.2 | 44.4 25.4 16.4 | 16.3 18.2 32.3 15.3 17.3 26.3 32.4 19 | 14.2 36.2 | 22 13.3 38 33 16.4 | 18 18.2 | 21 33 43 17 44
18.2 35 | 20 14.2 21.3 34.2 | 25.2 19 | 16 27.4 25.3 15.2 15 33 16.3 16.4 27 17.3 26.3 33.3 | 15.4 18.2 | 31 43 33 22.2 33.2 | 34.4 26.3 42.3
40.4 44.4 32.4 30.4 16.4 | 19 28 | 21.2 29.2 24.3 25.2 14.2 27.2 17.2 17.3 | 35.3 26.3 | 17 30 33 31 31.4 | 15 35 34.2 43 31.2 37 43.2
26 41 32.3 31.4 18.2 26 | 44 35 | 25.2 17.3 | 33 42.3 34 34.2 19 | 29.2 30.2 17.3 32.2 16.4 | 32.3 34.4 30.4 | 25.2 19 | 17 43.4 28
35 45 26.3 18.2 27.2 34.2 | 15.4 16.4 | 23.4 40.4 | 28.4 12.4 15.3 22.2 20 23 17 13.3 34.2 43.3 44.2 28 | 16.3 17.3 | 17 17.3 | 30.2 15 41 34
15.3 21.3 | 18 37 28 | 26.3 30 36.2 38 19 14.2 36.2 | 21 43.2 27.2 31.3 44 | 18 18.2 | 16.2 27.4 27 25.3 43 28 17.2 18.2 31.3 | 18 19 34
14.2 32.2 26.2 42.3 43.2 34 | 15.3 29.2 25.3 16 45 28 44 43.2 31.4 | ET D'AUTRES CHOSES ... COMME | 14.4 27.4 31.3 23 30 26 43 28
PUISQUE CETTE PIECE A ETE FAITE APRES | 24.3 14.2 | 31 15 23 40 | DE | 17 14.2 25.3 28.4 27.4 | 19.2 28.3 31.3 27 22.2 44.3 | ET ...
OUTRE CELA J'AI | 27.4 18.3 19.2 19 30.4 35 | 12.4 | 20 17.3 35.3 | 25.2 16.4 | 31 31.3 21.3 27.2 15.4 18.2
# P3
19.2 32.2 41.4 17.2 43.2 30.4 32.4 42.4 14.4 | 18 19 | 23.4 34.4 20.4 | 15 27 17.3 28 16.4 32.2 | 29.4 37 44 26 29.4 36.2 43.2 32.3
26.2 22.2 23.4 24.3 19 33.2 | 22 27.4 27 26.4 18.2 32.3 | 17.2 17.3 | 24.3 40.4 | 16 33 42.4 21 42.2 18 16.4 | 33.2 37 42.4 31.4 34 44
42.2 38 43.2 15.3 | 25.2 42.3 24.3 23 35 19 | 18 44 34 | 30 18.3 19.2 45 17 42.4 18.2 33 34 | 31 15 32.2 | 37 26.3 41.4
26 18.2 32.4 34.2 33 17.3 | 30.3 44.4 43.2 | 23.3 15 21.3 | 19 40 31 44 15.4 20.4 16.4 | 24.3 17.3 | 27 43 35 45 28 | 17.2 44.4
3.3 5.4 | 34 19 31 35 44 27 16 33 41.4 | 4.2 9.3 13 8.2 | 24 30 35.3 31.3 | 31.2 44.4 44 | 23.2 16.4 | 20 34.4 31.4 | 15 33
30.4 18.2 34.2 19 | 34 15 26.3 31.4 | 15.3 17.3 34.2 | 43 16.2 14.4 45 18 19 28 35 | 24 44 | 34 19 33 15 23 | 19 27.2 34.2 32.2 16.4
15 26 45.2 31.3 34 | 43 | 25.2 42.2 | 32.3 30 23.4 15.4 17.3 | 18 44 | 26 42.2 27.2 21 24.3 41.4 33.3 19 33 30.4 43.2 | 21.4 18.2 | 25.4
43 44.4 33 15 23 | 29.3 30 45 28 35 | 34 43.4 44.4 31 43.3 32.2 18.2 | 5.3 12.2 | 24.4 27.4 22.2 32.3 | 44 35 | 6.4 | 23.2 29.2 34.4 31.3 32.3
17.2 14.2 27.2 34 | 26 43 | 30.2 31.3 20.4 34 45.2 25.4 | 18.2 34.2 | 22.3 17.3 | 26.3 44 | 33.2 43.2 32.2 42.2 45 | 31 15 34 | 16.3 13.3 26.3 33.2
23.4 41.4 | 16 19 34 44.2 44.2 27.2 | 30 37 | 22.3 42.3 | 27 43.2 | 35 33 43.4 37 38 16.4 | 15 31 32.2 19 34 44 28 35 | 24 44
43 44.4 35 33 44 34 | MAIS S'IL M'EST PERMIS ... EN QUELQUE FACON
31 30 37 33 | 23.4 12.4 | 13.4 30 25.4 27.2 16.4 | 15.3 14.2 36.2 32.3 18.2 | QUE JE NE SUIS PAS INDIGNE POUR IMPLORER LA | 18.4 19 26.3 17.3 32.2 30 32.3 21.3 32.4 18.2 | 14.3 23 16.4 27.3 19.3 15.3 22.4 | AU POINT
32.3 15 28 34.2 42.3 | 16.3 35.3 | 19.3 27.4 34.4 37.2 44 33 25.4 41.4 24.4 43.2 27.2 33.3 | 15.3 33 45 35 43 28 25.4 20.4 29.4 45.3 42.3 | POUR EN OBTENIR LA | 18 19 27 23 | 31 43 41 44 | DEPUIS LE JOUR DE | 27 27.4 27.2 | 12.4 33 30.4 19 31.4 32.4 15
35 23 30 28 | 24 43 38 42.2 22.2 34 | 17 43.4 27 25.3 16.4 | 30.3 36.2 40.4 31.3 33.3 45 41.4 33 | 27 45.4 43.3 35 33 41.4
6.4 1 | 18.3 25.2 29.2 32.2 42.4 26.3 33.2 | PAR | 27 43.4 43.3 34 | COURANT
31.4 19 17 30 37 33 34 | CONFORME A SA | 27 15 21 26.3 45.4 27.2 44.2 25.3 43.3 34.2 44 | OU BIEN POUR EN RECEVOIR TEL AUTRE
26.2 43.2 30.4 21.3 32.4 17.3 33.2 | QU'IL M'ADJUGE ET A | 25.3 28.3 26.3 | 14.3 16.4 34 43.4 42.4 25.4 | ET PROPORTIONNE ... SI J'AI LE
17 17.3 | ET MA | 36.3 43.3 42.3 | QUI DE TOUT TEMPS A ETE, ET QUI SERA TOUJOURS | 38 30 37.2 | 43.2 44 | 45.4 | 26 15 28 15.3 20.4 19 28 | 33 44 21 45 27 44 | EN DEPEND
MA | 34 34.4 16 34 23 34 34.2 45.2 28 | ... DAIGNEZ MADAME ... VOTRE
# P1
ALTESSE ROYALE DE S'INTERCEDER POUR MOI, LORSQUE J'AI EU L'HONNEUR DE M'ADRESSER A ELLE EN | 3.3 9.3 11.3 3.3 | 15 | 15.2 17.3 31.3 24.3 20.4 27.2
27 27.4 23 | 16.3 12.4 25.4 32.3 | 26 44 31.4 | ET AGREEZ | 18 45 34 31 30 34 19 33 | 17.2 18
26 37 45 | 20 45.2 45.3 33 28 23 31.3 | 16.3 18.2 34 | 30 17 14.4 13.3 34 45 43.4 28 32.3 | 43.4 44.4 | 24 44 | 29.3 37 42.4 34
16.3 18.2 34 | 30.2 30.4 19 37 38 44 31.4 | 17.2 17.3 | 26.2 40.4 | 33 44 14.4 43.4 28
26.3 45.4 45 34 31.4 15 27.2 15.3 19 | AINSI QUE DE | 25.3 43.4 25.4 | 15 15.4 22 19 32.2 44 28 17 17.3 | 45.4 | 26 12.4
14.4 14.2 36.2 34 18.2 | ET DE | 27 28.3 26.3 | 15 35 32.4 43 17 22 19 27 44 28 33.3 | AUSSI | 33.2 44.2 27 17 17.3 31.3 43.2
QUE TRES | 31 33 30 20 43.4 28 18 18.2 26.2 42.3 28 35 | 33 41.4 31.4 29.3 41.4 15.3 32.4 34.4 44 44.4 37.4 | 42.2 24.3 15
30.2 43.2 32.2 33.2 45.2 28 26.3 42.3 | 44 35 | 43 | 26 15 | 27 43 45 32.3 30 28 | DE VOTRE ALTESSE ROYALE, DONT
26 19 34 | 30 32.2 18 33 19 32.3 | 31 43.4 44.4 32.2 33 44.3 27.2 34.2 | 24.4 16.4 | 30.2 14.2 31.3 38 44 28 45 33 | PAR CETTE
27 19 25.3 44 | 37.2 30 41 41.4 | 34 15 28 32.3 | 15 18 33 19 31.4 32.3 18.2 | AVEC | 4.4 | 27 43 33 32 37 44 34 | # 19 28
# signature
38.2 45.2 25.3 19.2 18.3
