# R722 full transcription 2026-09-21, second pass. Groups only as read; clear Italian in <...>; ? = doubtful.
01 525 393 283 313 540 212 <una di questi matine>
02 283 495 541 232 381 449 294 405 254 219 590 247
03 369 280 367 464 432 434 238 347 413 463 297 436 494 314
04 377 296 320 250 <Parmi che> 281 256 210 495 245 244 436
05 296 320 235 334 201 313 540 464 434 525 350 507 238 404
06 244 495 443 334 506 340 367 <misciandosi> 542 290 280 367 464 432
07 240 395 215 511 367 350 232 504 207 495 232 495 395 427
08 245 510 <Almeno> 430 377 244 495 446 375 412 444 445
09 334 504 442 238 541 280 297 272 254 404 495 245 510 313
10 393 377 245 297 238 430 434 238 540 391 245 207
11 <Io mi credo che questi siano> 350 446 432 494 395 296 219
12 232 <gia> 313 541 377 238 254 366 320 515 444 504 207 495
13 334 <Ho visto chiaramente che V. E.> 434
14 368 427 232 434 238 201 540 297 515 404 275 493 280
15 377 297 506 395 <e che quello> <gia> 446 316 457 525 487
16 <gia> 495 391 541 350 219 204 393 238 464 404 244
17 393 510 436 542 350 541 513 207 204 395 411 297 391
18 457 350 541 513 207 367 297 275 247 275 494 377 436
19 201 430 265 427 406 393 404 207 423 434 207 541
20 297 235 463 <gia> 350 322 254 406 393 201 436 464
21 331 549 404 296 280 377 495 491 <per> 430 495 283 213
22 474 375 495 211 355 495 395 427 201 373 250 495
23 456 360 <Mi haveva molto affirmato che cosi
24 era di dovere che> 525 245 541 449 <lo haveva
25 assecurato esser molto fidato et gradato> 525 232 540
26 <al> 406 432 <di V. E. et l'istesso a me lo confirma>
27 495 391 540 395 207 272 541 542 207 204 395
28 <io so> 334 411 212 395 393 201 515 314 219 215 <ma ...>
29 <Tuttavia?> 541 447 215 444 207 238 463 127 245 235
30 436 463 350 395 209 541 232 370 314 404 331 201 259
31 334 <sin hora> 297 446 367 352 485 <certo con gran prudenza.
32 Il S.re ancora mi ricorda di dire a V. E. che stimarebbe a
33 proposito che ella procurasse> 254 250 400 369 250 256
34 334 378 506 201 463 515 540 232 459 464 297 313 290
35 395 369 219 540 377 350 427 515 406 526 495 464 491 540
36 244 436 461 434 201 537 <per> 378 297 250 254 247 444
37 <offitii ... che possiamo al publico generale et al ...
38 di satisfattione con honor di V. E. etc. Due cose dico
39 ... l'una etc. et l'altra che come> 247 367 294
40 347 367 293 536 378 444 324 238 322 293 536 495 444
41 304 350 494 <Per via di Brusselles si e inteso esser li posto
42 il Spinola sotto Breda> 515 525 495 541 210 495 201 296
43 295 378 444 272 245 471 238 463 434 233 369
44 <Vedo i pregiudicii ... di Roma soliti concetti del
45 Pontifice il quale disse a Bethune di voler esser risarcito
46 di> 150 <m finalmente lasciandosi intendere> 334 232
47 250 446 540 395 377 290 244 240 444 314 404 395
48 236 <chi> 297 494 290 392 515 495 325 347 369 540 404
