#CATALOG NAME: Segr. di Stato/Spagna 6_I/7
#IMAGE NAME: 169r.jpg
#TRANSCRIBER NAME: RebAn
#DATE OF TRANSCRIPTION: August 31, 2016
#TRANSCRIPTION TIME: 20 mins

#IMAGE NAME: 169r.jpg
4 0 8 0 1 0 1 0 5 2 0 7 2 5 5 4 1 6 0 7 2 0 1 5 4 6 7 0 3 4 7 6 0 6 5 9 6 7 2 6 6 1 2 4 0 7 2 
6 0 9 0 7 6 4 2 3 2 5 6 6 0 7 2 0 5 4 6 0 4 4 0 4 7 5 0 4__ 1__ 6__ 4__ 0 8 5 2 6 5 5 0 4 4 0 3 7 
4 6 0 2 4 5 1 7 5 0 2 0 9 0 5 2 0 9 7 5 1 6 7 6 5 6 0 7 2 0 7 1 6 0 7 0 4 0 9 0 8 
9 5 1 6 5 6 0 5 1 4 7 6 0 2 6 0 6 0 9 0 2 4 7 2 0 0^. 0 5 8 5 7 6 7 6 0 5 0 2 0 5 2 8 1 7 
6 0^. 4 0 7 6 4 2 0 6 4 1 2 3 4 6 1 2 0 0 0 3 2 4 0 5 9 6 7 4 1 4 0 7 2 0 4 1 6 7 4 6 
1 7 5 1 4 1 6 0 7 4 4 0 5 2 3 6 5 7 0 3 2 5 4 6 4 6 7 7 6 4 0 7 5 7 2 4 0 2 0 2 6 6 
5 1 4 1 5 0 7 2 8 6 7 8 5 0 7 4 0 1 0 1 0 2 4 0 2 6 1 6 5 5 0 6 0 9 0 7 5 6 0 3 2 5 1 4 6 2 
6 6 0 4 0 3 4 1 5 0 1 6 0 1__ 5__ 8__ 5__ 0 7 2 0 7 1 2 5 7 6 0 9 0 1 0 1 0 5 9 5 6 6 6 7 5 5 2 
2 6 0 8 2 5 0 4 4 0 7 2 5 6 3 6 5 0 7 6 4 0 7 6 1 5 0 3 7 4 6 0 2 4 5 1 7 5 6?
4 4 4 0 1 5 4 1 6 1 4 0 7 2 0 1 0 1 0 9 7 2 6 8 2 9 4 4 3 0 6 0 0 0 4 0 8 0 4 4 0 8 5 
5 4 0 2 0 6 0 6 0 9 4 5 4 1 4 0 5 6 6 0 4 0 3 0 9 4 2 0 9 0 4 4 1 6 7 4 1 2 5 6 6 
5 4 9 2 4 0 1 0 9 0 2 0 9 0 1 0 1 0 4 5 0 4 0 7 2 5 9 5 5 1 5 0 2 6 0 7 0 9 0 2 4 6 2 6 
7 4 0 2 0 9 0 6 5 5 0 7 5 6 0 3 2 5 1 4 6 2 0 2 6 7 2 1 4 1 4 0 0 0 2 0 9 0 5 2 0 9 1 6 
6 2 1 4 0 4 4 4 0 5 0 2 5 5 6 4 0 7 2 0 1 0 1 0 4 4 0 3 0 9 4 6 0 6 0 7 2 5 5 4 1 
1 4 0 9 6 7 5 0 2 0 9 0 5 6 6 6 0 1 7 5 1 2 6 5 0 7 6 4 6 0 4 4 1 7 6 0 3 0 2 0 7 0 9 
7 6 4 0 7 5 7 2 4 0 2 0 6 0 5 2 9 5 5 4 6 5 0 8 0 9 0 4^. 0 8 0 5 6 0 6 0 9 0 8 4 1 4 4 2 


#IMAGE NAME: 169v.jpg
6 7 2 0 7 2 0 5 4 6 0 4 4 0^. 4 7 5 0 2 0 6 0 3 4 7 4 6 5 0 9 5 2 0 7 0 9 0 2 0 9 0 7 6 1 6 
6 5 0 2 0 6 0 4 1 6 7 4 6 5 0 2 4 3 2 5 7 6 0 2 6 2 2 2 8 5 0 7 2 0 1 0 1 0 2 4 0 9 7 2 
2 4 0 1 5 4 0 3 4 7 6 6 0 9 7 5 1 4 0 7 2 0 2 0 9 0 6 0 8 6 6 6 0 2 0 9 0 1 0 9 0 5 2 4 
2 6 3 5 7 2 4 1 4 0 5 0 2? 0 9 5 1 6 7 0 7 2 5 9 5 6 7 6 7 6 0 8 4 5 5 0 2 0 9 0 5 6 6 1 2 
5 6 0 9 4 7 4 4 7 6 6 0 2^. 0 1 0 4 0 1 5 4 1 5 0 6_. 5_. 1_. 4_. 3_. 0 6 0 2 6 0 4 0 4 0 1 6 5 0 4_. 1_. 5_.
7_. 2_. 0 9 7 5 9 7 2 4 0 4 1 1 5 7 2 1 4 0 2 6 0 9 7 6 2 1 7 2 1 2 5 0 7 6 4 4 0 2 1 7 
2 5 7 2 1 2 5 6 6 0 7 6 4 0 4 7 8 2 1 6 5 8 5 1 5 0 9 0 9 0 3 4 1 5 0 2 6_. 1_. 6 6_. 7 6_. 7 6_.
4 4 0 5 1 5 0 1 2 8 4 7 2 5 0 9 0 4 7 5 4 6 0 2 2 6 4 1 5 7 2 6 0 4 4 0 1__ 2__ 3__ 
2 4 2 4 0 7 6 4 0 8 5 7 9 1 5 0 7 5 2 2 6 2 0 2 0 9 0 2 0 6 0 7 5 1 6 5 6 0 2 6 
6 4 7 6 0 4 4 0 3 4 2 2 3 4 2 4 0 4 7 2 4 1 4 0 4 4 4 0 9 7 5 8 6 5 2 5 6 6 
2 4 0 2 0 9 0 2 0 2 5_. 2 0 3 4 1 5 0 4 7 0 2 6 5 1 2 3 4 1 2 5 6 6 0 7 6 4 0 5 6 
6 4 1 5 0 1 0 1 0 9 6 6 5 4 0 7 2 0 9 7 5 8 6 7 6 7 6 0 2 6 0 6 0 9 0 6 0 2 0 9 1 7 4 
7 2 0 4 5 7 5 0 9 0 7 0 9 0 4 7 2 2 0 5 9 2 7 2 1 1 4 4 2 0 2 0 9 0 2 4 0 5 2 3 6 5 7 
7 2 5 0 3 4 2 0 4 0 7 4 1 6 0 5 0 2 0 8 0 2 0 7 2 0 1 0 9 0
