#CATALOG NAME: \Segr. Stato Spagna 423\6#IMAGE NAME: 384r.jpg-384v.jpg
#TRANSCRIBER NAME: Matt F#DATE OF TRANSCRIPTION: January 2, 2016#TRANSCRIPTION TIME: 60+5=65 mins.
#IMAGE NAME: 384r.jpg
<CLEARTEXT IT Roma 29. Sett. R 1736 SIGNATURE>
1 8 0 6 4 4 1 9 3 5 5 4 7 9 2 8 5 0 8 8 6 5 0 8 6 8 4 7 9 0 9 4 8 6 2 0 1 2 2 2 7 7 0 3 
7 4 8 1 2 4 2 2 0 7 3 9 7 8 4 4 3 0 9 8 6 0 3 6 9 7 6 9 2 0 7 6 3 1 3 9 2 2 0 1 3 8 8 8 4 
2 0 7 3 8 8 8 4 5 0 8 9 4 2 0 7 3 8 7 5 0 5 9 9 8 8 6 0 3 7 3 5 9 5 7 8 8 0 9 0 8 1 2 6 0 7 
9 2 1 6 9 2 2 2 8 9 6 6 0 8 7 7 4 9 7 9 2 3 0 6 6 7 4 3 2 0 8 8 0 8 7 7 3 8 1 2 3 4 1 5 5 5 
8 8 2 0 8 6 2 0 7^´? 4 3 0 5 8 6 4 4 4 3 2 0 6 4 7 7 4 3 4 4 8 6 4 3 2 0 7 3 9 7 3 5 4 4 8 
4 3 0 7 2 0 7 5 6 0 3 6 6 1 8 5 6 3 8 1 8 8 5 5 2 7 6 0 7 2 0 8 5 1 2 1 1 4 4 7 9 8 8 6 2 0 
9 5 4 4 0 3 8 6 4 4 7 7 1 2 2 1 9 3 7 9 5 0 9 0 8 3 5 9 6 7 8 6 0 3 2 2 0 8 3 9 1 2 2 2 0 8 
7 4 4 0 9 4 4 7 9 4 2 0 3 2 8 2 4 4 6 4 7 5 4 1 2 1 6 3 8 0 9 4 4 8 8 0 8 7 9 2 1 9 4 
8 1 8 5 6 4 4 7 6 6 0 3 7 9 2 4 3 0 8 9 9 3 2 0 3 9 5 6 9 6 5 1 2 5 9 0 3 1 9 3 2 6 5 7 0 9 
9 5 4 4 4 2 7 9 3 7 8 8 0 8 6 6 9 6 7 5 4 0 8 9 5 7 3 8 0 3 2 2 0 8 7 3 8 7 9 9 6 5 9 5 
5 4 0 8 6 9 2 0 7 7 8 2 1 2 3 4 1 2 0 5 7 2 0 7 6 6 6 5 4 4 7 6 5^´? 7 2 9 6 4 7 8 5 0 9^`? 7 
4 5 6 8 6 5 0 9 0 3 9 5 5 3 3 5 0 5 1 2 2 2 7 0 9 4 4 8 4 3 0 6 4 7 8 0 1 5 8 2 9 0 6 6 
0 8 8 8 7 3 2 2 0 6 6 3 2 0 5 6 3 8 8 7 2 7 6 5 6 3 9 9 4 5 2 8 7 3 8 7 4 3 0 9 4 4 7 
8 4 7 0 3^`? 7 4 5 6 8 6 5 3 5 8 9 0 9 6 4 1 2 3 9 2 0 1 3 8 8 7 5 2 7 9 2 8 4 9 4 0 3 8 6 
6 5 1 2 5 9 0 3 1 9 3 2 6 5 7 7 2 5 7 8 2 1 6 1 5 5 4 0 8 0 9 0 3 8 8 6 3 7 4 5 6 8 6 5 0 9 
0 3 9 5 5 3 3 5 2 0 1 2 2 2 7 2 0 9 5 2 5 7 0 3 6 0 7 3 5 4 4 8 4 3 0 8 6 6 5 7 8 2 
1 2 2 2 0 8 0 9 0 5 6 4 7 5 4 0 8 9 5 7 3 8 0 3 2 2 0 8 7 3 7 0 9 9 5 0 5 7 3 0 6 6 7 
? 1 6 1 4 4 5 0 9 0 8 7 6 3 6 8 3 5 4 4 6 8 6 5 7 3 8 1 2 2 4 6 6 3 5 9 9 
0 3 7 8 9 6 6 6 5 1 6 9 0 4 4 0 3 7 9 0 1 9 1 0 2 0 1 2 4 5 4 4 1 2 3 6 0 9 6 5 8 3 9 5 5 4 
0 8 7 8 2 7 4 3 2 0 8 8 0 8 7 8 4 7 4 5 8 6 0 8 9 9 9 6 3 5 6 5 8 8 6 3 1 2 4 0 2 0 7 4 5 6 8 
6 5 4 2 5 9 8 4 0 8 8 3 1 2 0 4 6 3 9 9 3 2 6 8 6 5 8 6 0 3 2 3 3 2 6 5 1 2 1 9 1 2 2 4 4 5 4 4 0 9 7 7 
<CLEARTEXT IT Sig. N. Ab.? Guiccioli, Madrid>

#IMAGE NAME: 384v.jpg
9 4 6 8 2 0 5 9 0 5 7 5 4 0 8 4 5 9 6 7 3 5 5 9 7 3 0 6 6 7 5 9 0 9 0 8 3 5 9 6 7 
8 6 6 5 2 2 0 8 3 9 1 2 2 2 0 8 <CLEARTEXT SIGNATURE>

