# Feuquieres -> Catinat, Pignerol, 25 Jan 1691. Memoires et correspondance du marechal de Catinat (1819) t.II, Pieces justificatives (1), pp.283-284
# (MDZ bsb10720287 scans 317-318). Transcription from Tomokiyo (louisxiv.htm SEC7), collated with the page images 2026-09-15:
# three corrections on p.284: 114 285 362 (Tomokiyo 283), 154 259 143 (Tomokiyo 250), 156 99 135 59 (Tomokiyo 133). Blank line = new paragraph in the print.
72 22 57 280 355 296 32 217 181 229 78 44
200 300 106 175 51 151 15 99 84 316 129 205 21
68 31 71 317 101 188 44 347 210 51 81 91 157
91 22 98 56 300 5 254 93 156 84 184 22 104 78
4 37 52 177 44 250 192 60 300 57 78 188 212
275 147 72 241 146 200 54 257 280 145 41 111
179 205 82 134 27 60 63 44 200 52 222 194 101
24 84 21 93 78 44 200 99 72 224 252 266 5 44
234 333 147 100 310 235 243 4 9 145 188 122
47 237 99 84 122 78 47 80 51 336 60 52 150 301
151 310 235 60 247 32 71 164 200 65 56 150
113 263 177 19 184 50 199 144 91 42 151 343
156 99 71 165 301 151 310 56 278 25 355 42
164 24 32 258 47 334 65 21 63 59 65 91 22 60
52 266 214 144 150 263 129 44 101 113 90 22
164 21 310 148 51 168 46 263 195 32 56 25 366
125 51 63 22 83 188 4 78 110 85 72 310 328
280 300 266 216 197 129 44 138 21 83 82 32 34
90 263 251 28 40 46 144 110 47 157 91 44 210
51 81 91 21 172 322 22 200 147 84 241 71 106
51 237 47 101 229 255 243 350 59 213 68 56 60
300 57 234 4 71 143 76 51 341 91 251 132 257
43 84 57 78 235 21 249 86
65 32 5 240 113 101 193 263 25 150 301 151
310 100 91 113 78 150 71 37 181 101 229 255
243 311 91 43 51 241 57 154 300 90 91 184 108
78 181 318 191 60 81 237 322 46 280 153 78
113 51 310 200 333 114 285 362 44 184 181 172
27 243 292 341 343 56 231 154 81 71 177 156
154 259 143 91 156 99 135 59 52 353 71 78 181
65 63 113 280 258 88 266 317 183 271 110 200 5
44 51 63 135 24 279 178 60 25 99 47 63 135 145
243 310 136 304 65 91 317 101 193 235 60 342
103 190
