# design-faithful control (Grand Chiffre inventory), seed 1
14 9 90 232 27 23 296 223 106 152 293 225 61
89 14 9 90 232 13 23 295 163 75 18 186 8
269 86 290 215 75 134 106 264 293 295 86 103 163
75 13 278 13 68 295 163 269 155 264 360 23 64
13 274 147 237 60 287 28 2 120 49 15 44 321
292 155 58 78 9 43 2 198 44 9 293 255 64
155 29 73 89 87 106 62 137 9 71 114 129 69
337 102 123 36 256 14 27 307 62 298 100 44 64
202 327 227 60 208 28 129 155 319 322 256 60 264
293 125 36 295 222 327 55 63 240 218 27 36 44
337 28 129 269 13 227 44 128 209 114 30 236 243
315 79 155 64 78 9 2 198 44 215 178 41 305
186 15 180 75 349 106 186 296 126 64 13 3 9
360 70 71 70 294 215 338 165 171 71 90 215 310
42 28 103 180 47 73 296 286 289 90 60 310 42
55 103 146 300 180 262 44 270 36 168 327 239 155
241 206 49 155 171 116 280 15 23 73 79 171 168
356 3 98 18 50 120 155 215 61 36 9 50 28
90 60 215 3 9 64 49 41 171 289 70 44 304
9 128 58 13 295 14 49 338 163 73 83 278 49
270 15 9 41 103 278 60 215 86 28 23 23 9
315 27 293 64 114 93 7 33 293 90 64 202 171
168 330 62 356 75 338 98 18 50 120 155 61 71
104 215 3 73 58 49 41 14 13 128 60 319 213
289 70 62 165 295 103 104 215 4 71 44 180 30
49 15 44 168 198 90 289 23 3 155 9 217 73
128 44 209 168 61 36 9 56 55 90 60 186 36
19 60 286 73 241 315 19 299 41 103 9 233 227
62 128 70 193 35 236 264 360 60 18 89 147 61
1 71 83 103 327 49 36 256 71 15 302 163 346
229 19 295 64 27 104 349 150 84 71 356 44 256
215 295 47 36 9 60 209 60 79 79 114 75 133
168 239
