# synthetic control, seed 1
193 28 235 27 72 193 69 118 335 224 260 310 193
55 235 49 44 157 109 2 9 303 43 149 75 120
198 2 136 145 60 224 108 13 70 308 109 238 332
157 279 109 63 164 325 19 145 346 72 42 93 60
307 90 49 79 259 269 158 71 134 146 12 72 316
13 19 64 78 207 133 71 9 205 340 55 307 79
145 12 47 118 71 257 230 215 28 87 233 206 33
13 345 44 325 245 314 128 30 19 216 354 344 71
58 209 313 108 234 315 187 42 345 13 79 218 256
325 19 346 339 224 240 7 72 157 313 244 233 254
344 93 325 108 234 253 295 215 35 255 317 49 79
64 152 98 56 27 71 102 173 3 114 303 44 93
20 75 90 343 121 303 262 64 13 362 342 302 198
142 104 98 137 342 102 104 47 29 308 352 69 9
117 12 151 12 44 79 331 104 143 308 116 71 218
143 35 44 201 313 360 60 313 293 100 27 27 19
13 89 256 98 326 60 272 87 137 201 280 2 145
50 305 27 19 102 61 272 299 28 19 198 356 307
345 70 137 331 303 30 75 205 253 307 157 245 109
73 96 356 32 55 198 19 218 143 35 60 18 3
308 356 98 61 71 102 188 72 272 148 13 205 64
215 93 22 16 205 55 58 209 137 201 73 83 267
358 310 281 102 356 307 70 245 107 79 218 93 19
331 142 104 98 108 27 308 281 198 231 163 206 49
44 79 201 133 55 237 44 238 19 9 249 207 49
71 295 201 178 303 44 89 71 117 12 151 7 60
19 73 293 148 89 232 3 191 73 256 148 79 108
234 98 354 168 35 255 36 73 60 174 71 230 151
83 72 61 322 96 191 198 295 60 325 7 150 44
108 35 109 18 143 35 42 61 35 89 157 307 281
27 71 117 35 42 310 280 71 325 198 108 27 69
272 19 19 343 89 215 2 240 201 242 310 280 60
36 79
