#CATALOG NAME: Segr. di Spagna 1\2
#IMAGE NAME: 236.jpg
#TRANSCRIBER NAME: RebAn
#DATE OF TRANSCRIPTION: January 23, 2016
#TRANSCRIPTION TIME: 15 mins 
#Line 8 contains deleted numbers (8 3 1 7 4 9 3?), and line 16  (8 3 7 0^. 9 3) that are not transcribed as these seem to be errors. 

#IMAGE NAME: 236r.jpg
2 4 0 7 2 5 6 3 6 5 0 7 2 0 2 0 2 0 5 0 2 0 7 2 7 4 5 0 4 0 2 0 9 5 5 4 4 0 5 6 6 0^. 4 
2 5 5 1 7 4 7 5 2 0 7 2 0 5 4 9 6 7 4 5 0 9 0 4 4 1 7 2 0 6 0 7 2 0 9 7 5 8 6 7 6 7 6 
9 1 7 4 0 4 2 0 4 1 1 5 7 2 0 7 2 0 4 0 9 4 0 3 4 1 5 0 0^. 0 2 4 5 2 2 6 0 9 1 7 4 0 2 4 
5 6 6 4 1 5 0 9 0 4 6 0 5 1 6 0 4 7 2 2 0 5 9 2 7 2 1 1 4 4 2 0 0^. 0 5 0 2 5 0 5 2 
1 5 4 6 0 8 9 0 3 0 9 6 1 5 0 9 7 2 2 4 0 7 0 9 0 5 7 7 2 6 6 0 4 0 5 1 4 0 6 8 6 4 6 6 
0^. 4 0 5 0 2 0 2 0 9 0 4 1? 2 0 5 3 5 7 0^. 2 0 8 2 5 5 3 6 4 6 7 5 0 4 0 1 8 2 7 2 7 6 
4 4 2 0 2 5 6 2 1 5 7 2 0 7 2 0 1 0 1 0 5 3 6 2 0 1 5 4 1 4 0 2 0 9 0 5 2 0 3 4 
7 4 6 5 0 4 5 7 5 0 2 6 1 2 2 4 1 2 0 5 0 2 0 2 0 9 0 2 0 6 0 8 2 0 5 4 7 2 4 
1 6 7 4 2 6 6 1 6 0 4 4 0 7 2 3 6 2 1 4 0 7 2 0 6 0 9 0 5 4 6 1 4 0 5 6 7 6 0 5 6 0 2 0 6 0 5 2 0 9 7 
5 8 6 7 6 5 6 0 4 4 2 6 6 5 0 9 1 7 4 0 2 4 0 8 4 9 2 1 4 6 5 0 7 2 0 2 1 5 1 2 1 2 4 0 0^. 0 2 4  
3 2 5 8 4 4 6 0 2 4 0 3 0 9 4 6 0 4 0 3 4 1 5 0 2 4 0 9 6 3 2 5 0 7 2 1 1 1 2 0 0^. 0 9 
1 7 4 0 4 4 8 1 6 2 0 7 6 4 0 5 6 6 4 1 5 0 4 6 8 5 7 4 0 2 0 3 0 9 4 2 0 2 0 2 0 2 6 3 6 1 2 
7 2 0 3 0 9 4 2 0 9 0 1 2 1 2 5 0 6 5 1 4 8 2 4 6 0 3 4 6 5 0 9 2 1 0 7 1 2 5 7 6 0 7 6 4 2 
4 4 1 7 2 0 4 8 2 5 2 0 9 0 2 0 6 0 5 2 4 6 5 0__ 5__ 0__ 2__ 0__ 4__ 1__ 6__ 6__ 1__ 1__ 7__ 4__ 0 8 4 5 1 2 3 4 1 2 
7 6 2 0 4 5 7 0 9 6 8 4 1 2 0 9 6 6 5 4 6 7 5 5 2 0 5 0 2 0 6 0 9 0__ 1__ 2__ 6__ 0__ 4__ 5__ 0__ 9__ 5__ 1__ 4__ 7__ 5__ 2__ 
1 4 6 1 5 0 9 2 1 0 2 4 0 3 4 1 5 7 6 0 7 2 0 3 0 1 0 3 0 9 4 6 0 7 5 1 6 7 2 4 0 9 7 
2 1 4 7 6 0 2 7 1 2 0 9 7 6 3 4 1 2 0 5 1 5 2 0 2 2 6 2 5 1 7 2 0 7 6 4 0 5 3 2 1 2 5 8 4 5 7 5 0 5 0 2 
7 4 7 6 0 4 0 1 0 1 0 6 0 9 0 5 4 1 2 5 1 4 1 2 5 6 6 0 0^. 0 7 2 0 6 0 9 0 6 6 0 7 5 1 6 7 4 0 1 0 9 0 3 4 7 6 0 2 6 5 1 
4 6 0 4 0 9 0 7 6 5 1 7 6 0^. 4 0 5 9 5 7 1 1 6 4 2 6 6 1 6 0 3 8 0^. 7 9 
