#CATALOG NAME: Segr. di Stato Spagna 1\3
#IMAGE NAME: 249r.jpg-250r.jpg
#TRANSCRIBER NAME: RebAn
#DATE OF TRANSCRIPTION: January 23, 2016
#TRANSCRIPTION TIME: 15+15+15=45 mins

#IMAGE NAME: 249r.jpg
#COMMENTS: Line 9 contains two deleted numbers (2 9) that are not transcribed. 
1 0 1 0 7 6 5 2 7 6 7 4 0 4 4 6 7 4 1 4 0 7 2 0 3 0 1 0 3 0^. 9 6 1 5 0 9 2 1 0 9 8? 6 5 1 5 0 2 6 
3 0 4 0 5 0 2 0 8 0 9 0 9 3 2 7 6 6 0^. 4 0 2 6 0 7 2 5 0 2^. 0 9 0 6 0 9 0 5 1 4 0 4 6 7 4 1 4 
7 6 8 2 4 0 4 8 5 2 5 7 4 7 6 0 2 4 0 2 5 6 7 5 0 0^. 0 1 0 2 0 1 6 4 0 7 2 3 5 7 2 4 
7 2 0 1 1 1 5 0 2 4 0 8 7 2 5 1 2 4 6 6 5 2 5 0 0^. 0 5 0 2 5 0 9 6 6 5 4 0 2 0 9 0 2 0 6 
5 5 4 5 0 5 2 4 0 5 0 2 0 7 2 5 1 4 1 7 4 7 6 0 4 4 0 8 0 3 0 2 6 0 7 0 9 0 9 7 5 1 2 6 
8 2 4 0 2 4 0 4 6 8 5 7 4 0 2 6 0 1 0 5 0 0^. 0 2 6 0 9 0 3 0 6 3 4 1 5 0 2 6 1 6 6 7 6 7 6 
4 0 1 0 1 0 2 0 9 0 8 0 1 0 4 0 3 7 4 6 7 2 5 2 2 5 0 7 6 5 2 7 6 7 2 5 0 7 2 0 1 0 2 
2 6 1 2 1 4 1 4 0 7 4 0 3 0 1 0 4 0 8 5 4 5 5 0 9 5 0 7 4 4 0 3 0^. 9 4 0 5 2 0 8 7 6 
7 6 0 2 0 9 0 5 6 6 6 0 9 5 1 7 2 4 0 8 4 1 4 7 0 3 7 4 6 0 8 6 6 6 0 0^.__ 0__ 1__ 1__ 2 4 6 
4 4 0 8 7 2 5 1 2 4 6 6 5 2 0 0^. 0 2 0 9 0 3 0 1 0 2 4 0 3 0 9 4 6 0 5 0 2 0 7 0 9 0 2 0 9 
5 2 0 5 4 0 2 0 6 0 9 7 5 8 1 7 4 0 4 4 1 7 5 0 2 0 9 0 2 4 0 5 6 7 1 2 1 2 5 0 7 6 
7 2 5 0 0^. 0 2 4 0 8 6 6 0 9 1 8 4 2 8 5 0 5 1 6 7 4 0 1 1 1 5 0 7 0 9 0 2 0 9 0 5 4 
9 6 7 4 0 7 5 2 4 6 7 4 7 6 0 0^. 0 8 6 6 2 0 9 0 1 0 1 0 3 2 6 0 5 0 9 0 2 0 6 0 1 6 7 4 
7 2 0 8 0 9 0 5 1 6 6 1 1 5 0 8 5 5 4 0 4 4 8 1 6 4 0 2 0 9 0 5 2 4 0 2 6 0 5 6 7 1 2 
1 2 5 0 7 6 0 7 2 5 0 7__ 4__ 0__ 4__ 0__ 1__ 0 6 6 0 4 6 8 5 0 7 2 0 7 2 3 5 7 2 4 0 2 4 
2 0 9 0 7 2 3 6 7 2 5 8 4 0 2 4 0 1 1 1 5 0 4 0 1 6 2 9 5 0 9 2 1 0 8 5 2 5 7 5 

#IMAGE NAME: 249v.jpg
#COMMENTS: In the middle of line 14, a symbol 9 is added, which is transcribed with a ?.
9 1 7 0 1 0 1 0 3 2 1 7 2 8 4 0 2 0 9 0 5 4 7 2 4 0 8 6 6 6 0 2 0 9 0 3 0 1 0 2 6 1 2 1 4 5 6 
8 0 1 0 4 0__ 8__ 5__ 4__ 5__ 5__ 0__ 9__ 5__ 0 5 0 2 0 5 4 1 2 5 3 4 1 2 5 6 6 0 7 6 4 0 2 5 6 7 5 0 0^. 5 0 2 
2 4 3 2 5 7 0 5 6 7 1 2 1 2 5 0 4__ 6__ 7__ 5__ 7__ 4__ 0 7 6 4 6 0 4 1 2 5 6 2 0? 5 1 6 0 5 0 2 
2 0 9 0 3 0 2 0 2 0 6 0 5 2 0 1 6 6 3 4 0 4 0 7 2 9 4 7 4 7 6 0 4 4 6 0 7 1 2 6 6 
7 2 0 1 0 5 0 9 0 6 0 9 0? 4 6 7 4 1 4 0 9 4 7 6 0 4 0 1 0 1 0 2 0 9 0 9 5 8 4 0 4 4 1 7 4 0 5 9 
6 7 4 6 0^. 4 0 5 6 0 6 6 0 9 5 5 4 0 9 2 1 0 8 0 9 0 1 0 1 0 1 5 4 6 0 4 6 8 5 7 4 0 2 0 9 
1 0 9 0 3 4 8 2 4 0 2 6 1 6 6 7 6 7 6 0 4 0 3 0 1 0 2 0 9 0 4 4 7 8 2 1 6 5 8 5 1 5 0 7 2 
8 5 4 5 6 2 4 0 6 4 6 1 5 0 3 2 4 0 5 5 6 5 0 2 5 4 1 2 0 4 6 2 0 2 0 6 0 4 0 2 4 2 
5 1 6 6 1 1 5 0 4 4 0 9 3 2 7 2 4 1 2 5 6 6 0 7 4 0 6 0 9 0 5 4 6 1 4 0 5 6 7 6 0 5 0 2 2 0 9 
1 0 1 0 2 0 6 0 2 6 1 6 6 7 6 0 7 2 0 9 3 2 7 2 4 7 4 5 0 5 6 0 9 7 2 2 4 0 2 0 6 0 3 4 
4 4 0 9 7 5 3 6 5 2 5 6 6 0 7 6 4 4 0 3 6 7 6 0 2 6 0 7 0 9 0 3 5 7 2 4 0 2 0 9 0 5 7 7 2 
6 4 0 2 4 0 2 0 4 0 7 2 0 1 7 6 6 1 5 0 0^. 0 2 0 9 0 5 2 6 1 6 6 7 6 0 2 0 9 0 2 4 0 7 6 1 5 
6 4 6 1 5 0 3 4 0 4 4 8 1 6 2 0 1 7 4 1 4 1 2 0 5 0 8 5 4 6 3 4 1 2 5 6 2 0 8 5 4 0 7 1 
8 4 0 7 2 0 8__ 4__ 6__ 1__ 6__ 5__ 0 2__ 4__ 0__ 3__ 0__ 9? 4__ 6__ 0__ 6__ 0__ 1 6 6 1 1 5 0 1 0 1 0 9 5 8 5 0 8 4 1 5 4 2 8 5 
0^. 0 2 0 9 0 9 3 6 7 1 4 6 5 0 2 6 5 2 6 2 6 0 7 2 0 3 4 7 6 0 7 6 4 0 4 7 8 2 1 6 5 8 5 
1 4 7 5 0 1 6 0 2 6 7 5 0 7 5 2 2 6 2 5 0 1 6 2 9 5 7 4 4 6 0 9 6 7 5 0 2 0 9 0 1 0 1 

#IMAGE NAME: 250r.jpg
#COMMENTS:Line 10 contains two deleted numbers (2 1) which are not transcribed. Line 14 contains a paper damage so one symbol is not visible, marked with ? in the transcription. 
6 0 5 0 2 0 9 7 5 8 6 7 6 7 6 0 9 1 7 4 0 7 2 0 4 1 2 0 4 4 4 0 9 7 2 1 4 2__ 2__ 5 6 6 0 2 4 
5 0 2 0 2 0 9 0 5 2 0 4 0 2 0 5 1 5 4 0 3 4 7 6 0 2 4 0 7 6 2 5 6 2 5 0 1 6 7 4 0 4 8 5 
6 8 2 1 4 7 0 2 5 4 1 2 0 5 1 5 2 0 2 6 2 8 7 2 0 4 7 0 5 9 5 7 5 2 0 4 0 6 0 9 0 5 1 5 
7 2 5 6 3 6 5 0 7 6 5 2 7 6 7 4 0 2 0 9 0 3 0 1 0 3 0 9 6 1 5 0 9 2 1 0 9 7 6 5 1 5 0 1 4 7 4 
2 6 0 3 0 4 0 0^. 0 1 6 7 4 0 9 0 5 1 5 2 0 9 3 2 7 6 6 1 2 0 0^. 0 1 4 5 4 4 2 0 7 6 0 2 2 
9 6 7 2 7 6 0 1 4 4 6 0 5 9 6 7 4 0 5 0 2 0 2 0 9 0 5 4 1 7 4 0 2 0 9 0 5 4 7 2 4 0 2 5 4 
1 5 0 7 4 6 5 5 4 0 4 0 9 0 3 0 5 4 7 2 4 0 4 6 8 5 7 4 0 2 0 6 0 2 6 6 5 0 6 5 8 2 1 4 0 4 4 2 
5 1 4 1 2 0 8 4 5 2 0 7 2 0 3 0 1 0 5 2 6 1 6 6 7 6 0 4 6 8 5 7 4 0 2 0 9 0 6__ 5__ 5__ 0__ 9 7 6 1 6 6 5 5 
4 7 8 2 1 6 5 8 5 1 5 0 1 7 4 1 4 0 7 2 0 1 5 4 6 7 6 0 7 6 5 2 3 6 4 7 0 4 4 0 8 2 6 5 4 0 0^. 5 0 2 
2 0 9 0 2 4 0 8 4 9 2 1 5 4 5 0 7 2 0 8 5 4 5 6 2 4 0 2 0 6 0 6 0 2 6 0 1 1 1 5 0 8 4 
1 5 4 2 8 5 0 5 2 0 7 1 8 2 1 4 0 2 0 9 0 2 0 6 5 2 0 3 4 8 2 6 5 0 9 7 4 1 2 2 0 9 0 7 2 
7 2 5 6 3 6 4 7 4 4 0 4 0 9 6 7 5 5 6 4 0 5 1 5 9 6 1 4 0 5 0 7 6 9 6 6 7 6 6 1 6 0 7 4 0 8 0 8 
5 0 7 6 8 5 4 6 0 5 2 0 2 0 9 0 2 0 6 0 9 5 5 4 0 7 6 5 2 5 2 6 7 6 0 4 0 2 0 9 0 1 5 7 4 
5 9 1 3 6 4 7 6 0 4 5 0 5 1 4 1 5 0 6 8 4 6 5 2 4 5 ? 2 8 5^. 0 7 2 0 7 0 9 0 4 7 8 2 1 6 5 8 
5 1 4 7 5 0 5^. 0 2 5 0 5 2 0 7 6 5 2 7 6 7 4 0 2 0 9 0 3 0 1 0 1 5 3 4 2 ? 0 3 4 7 6 0 7 0 9 0 5 3 2 1 
2 5 0 2 0 9 0 7 4 0 4 1 2 0 5 2 0 5 9 6 7 4 0 0^. 0 2 0 9 0 7 6 4 0 1 1 1 5 0 6 6 0 5 2 4 0 7 4 3 1 4 
3 4 2 4 1 4 0 9 5 2 0 1 0 1 0 8 3 7 0^. 9 3 8 7 3 