#CATALOG NAME: Segr. di Stato Spagna 1\6
#IMAGE NAME: 324r.jpg
#TRANSCRIBER NAME: RebAn
#DATE OF TRANSCRIPTION: February 1, 2016
#TRANSCRIPTION TIME: 3 mins

#IMAGE NAME: 324r.jpg
2 6 5 1 7 1 1 4 0 7 6 4 2 0 1 2 5 7 2 0 7 2 0 7 0 9 0 8 5 7 1 6 0 0^. 0 7 6 4 4 0 6 4 1 1 7 4 0 7 2 0 8 0 1 0 9 
7 2 6 8 2 9 4 4 3 0 6 0 5 4 7 2 4 0 3 5 7 5 6 0 8 6 6 6 0 2 0 9 0 3 0 1 0 3 4 8 6 5 6 0 5 4 5 0 2 6 
4 0 8 0 1 0 2 0 9 0 6 4 4 0 2 0 6 0 4 0 7 0 9 0 8 1 5 6 2 0 9 5 2 3 4 2 6 7 2 0 4 9 7 6 5 5 0 7 2 0 5 6 
7 6 0 3 0 9 4 2 0 8 7 6 7 6 0 9 5 1 6 7 5 2 0 3 2 7 4 7 6 0 5 0 2 2 0 9 0 9 5 8 5 0 3 2 7 6 4 2 0 4 2 
5 4 7 4 6 5 0 7 0 9 2 0 9 0 5 5 6 5 0 2 6 3 2 7 6 4 2 0 4 0 7 2 5 0 9 7 3 0^. 9 8 3 7 9 3 
