#CATALOG NAME: Segr. Stato Spagna 1\1
#IMAGE NAME: 165r.jpg
#TRANSCRIBER NAME: RebAn
#DATE OF TRANSCRIPTION: January 2, 2016
#TRANSCRIPTION TIME: 30 mins.
#COMMENTS: Line 5 contains two deleted numbers that are not transcribed. three 0s are frequently occurring where the 0 in the middle is marked with a dot. 

#IMAGE NAME: 165r.jpg
1 0 1 0 7 6 5 2 7 6 7 4 0 1 0 2 0 8 6 7 1 2 3 2 8 4 1 5 0 5 6 0 4 4 6 7 4 1 4 0 7 2 0 3 0 1 0 5 4 7 4 0 5 0 2 
3 0 5 0 5 0 2 0 2 0 9 0 3 0 2 0 8 5 5 2 0 3 2 5 6 0 7 6 5 2 7 6 7 4 7 2 4 0 7 2 0 4 7 2 0 4 8 5 8 4 7 5 2 0 9 0 3 0 2 
2 6 0 7 0 9 0 4 5 8 5 0 2 0 9 0 4 2 0 3 2 5 6 0 9 2 1 0 8 5 2 5 7 5 0 2 4 0 2 0 9 0 3 4 7 4 0 5 4 9 6 7 6 0 4
3 0 2 0 9__ 0__ 7__ 2__ 7__ 4__ 2__ 0 4 6 8 5 7 4 0 2 0 9 0 1 0 1 0 1 2 6 6 0 8 6 7 1 2 3 2 8 4 1 4 0 3 0 9 4 2 6 6 1 6
8 0 1 0 0^. 4 0 1 0 4 6 5 0 7 6 5 2 7 6 7 2 5 0 2 0 9 0 3 0 1 0 4 2 0 7 2 8 6 7 8 4 5 6 0 2 0 9 0 1 6 6 
2 5 6 7 5 0 4 0 9 4 7 4 4 2 6 6 2 5 0 9 0 3 0 1 0 2 4 0 2 0 9 0 3 4 7 2 4 6 5 0 7 2 2 0 9 6 5 1 2 0 6 0 8 0
6__ 0__ 1__ 6__ 7__ 5__ 0__ 2__ 0__ 9__ ? 1 0 1 0 7 2 8 6 0 2 0 6 0 5 4 9 6 7 6 0 3 0 9 6 1 5 0 9 5 5 4 0 3 4 7 0 3 5 6 7 4 2 6 6 1 5
2 6 0 9 4 7 5 4 6 0 7 2 0 7 5 6 6 0 8 6 6 0 5 2 9 4 2 8 4 0 0^. 0 6 5 5 7 1 4 0 3 0 1 0 2 0 9 0 3 0 2 0 2 0 6 0 5 2 
7 2 3 2 7 2 0 2 0 9 0 7 2 0 1 4 4 0 8 5 4 5 5 0 9 5 0 6 6 0 7 5 5 4 0 7 2 1 5 8 2 7 6 0 3 7 4 6 0 3 7 1 
1 5 0 4 4 4 0 8 0 3 0 8__4?__ 1__ 5__ 4__ 2__ 8__ 4__ 0 4 0 2 0 4 0 ? 4 0 0 1 0 7 4 0 9 2 1 0 8 4 6 7 6 0 6 3 4 1 5
2 6 1 6 6 7 6 7 6 0 2 9 0 7 2 1 5 8 2 7 4 3 7 4 6 0 8 6 6 6 0 5 0 2 0 4 4 0 8 0 3 0 2 0 9 0 1 5 3 4 2 4 
4__ 7__ 2__ 6__ 1__ 6__ 7__ 6__ 0__ 4__ 6__ 0^.__ 2__ 0__ 9__ 7__ 5__ 8__ 1__ 7__ 4__ 7__ 6 0 1 4 4 0 4 8 5 8 4 2 6 6 1 5 0 5 2 0 7 2 2 6 1 6 0 5 0 2 5 
1 0 1 0 4 4 4 0 9 7 1 7 6 6 0^. 4 0 7 2 0 3 0 1 0 3 0 9 4 6 0 4 6 9 2 1 0 9 7 4 1 2 8 4 0 0 0^ 2 4 3 2 5 7 6 
8 5 3 6 2 1 2 5 6 6 0 7 6 4 6 0 4 5 7 5 0 2__ 4__ 6__ 5__ 1__ 4__ 0 0 0^ 8 7 6 7 6 7 2 4 0 2 0 9 0 2 0 6 0 9 5 1 6 5 6 
6 5 8 6 7 6 0 4 0 9 4 7 4 4 7 6 0 0^ 0 4__ 5__ 8__ 5__ 4__ 1__ 4__ 7__ 0 1 1 1 2 0 0^ 0 3 0 2 0 4 0 3 0 1 0 2 0 6 0 9 4 7 6
5 6 0 7 2 0 1 5 4 6 7 0 7 2 8 6 7 8 4 7 4 2 0 0^ 0 4 2 0 9 4 7 6 5 6 0 8 6 6 6 0 2 0 9 1 0 1 0 4 0 2 0 9 4 
7 7 6 2 8 5 2 1 6 6 0 4 5 0 3 4 8 6 5 6 0 2 0 6 0 2 4 6 8 4 7 4 0 7 2 0 3 4 7 6__ 2__ 6__ 6__ 2__ 6__ 2__ ?__ ?__ 6__ 0__ 3__ 9 4 1 
6 4 0 9 0 4 4 1 7 4 0 8 5 5 4 0 2 0 9 0 5 2 4 0 2 6 0 5 6 7 1 2 1 5 0 7 2 0 7 2 5 0 0^ 0 7__ 2__ 5__ 0 3 0 1 0 7
3 8 9 7 0^ 9 3 8 3 9 7 
