# Rommel p.84 (leaf 126), Henri IV to the Landgrave, 22 Nov 1602
[[Aussi, je n'en diffère plus la dépesche que pour attendre le]]
57 37 22 12 20 68, 52 16 22 20 44 84_ 32 50 65, 44 12 73 [[est]]
22 19 42 27 32 14 18, 81 21 73 17 32 27 42 31 18, 34, 15 74
20 22 19 18, 70: 49: 17, 46: 32 21 D 81 10, 19 27 84_ 16 12 19
50 82 32 14 18, 28 16 82 26 74 83_ 14 12 32 22 27 38 70, 20
24 48: 12 26 74 {tra} 12 27 {te} 19 68, 14 18, 65, 17 16 19 12 {tion}
12 24 48: 42 26 25 69: 60, 18, 17 22 26 43 42 59 81 74 18, 54,
19 21 82 59 75 14 12 81 19 49: 67 32 20 72_ 61 21 34 14 [[est]] 12
32 87 84 22 12 52 34 15 21 18, 20 46: 20 27 16 22 19 20 68, 48,
84_ 16 15 73 62: 20 32 85 26 18, 32 21 60, 20 27 84_ 16 12 19
84_ 20 D 12 50 128, 29 61 19 16 12 73 47 31 20 D 38 19 62: 89,
32 21 45: 42, 30, 19 27 33 39, 46: 21 73_ 84_ 32 27 {votre} 26 16 15
28_ 20 22 19 19, 19_ 32 21 42 15 20 21 19 22 27 {te} 68, 8, 14 22
24 48: 12 26 55 48: 15 42, 19. [[Car j'ay pris telle asseurance et confiance de votre amitié et prudence, que je veux cy après]]
