# Rommel p.230 (leaf 272), Henri IV to the Landgrave, [early 1605], passage Rommel could not read (his footnote 1)
[[...et encores que mes actions envers ceux qui en font proffession dedans et dehors mon royaume b]] {∴} X X 32 21 34, 20 34, 50 14 32 20
85 22 32 52 19 20 32 2 31 24 28 32 20 68, 31: 21 12 15 22 62: 51
34 74, 27 32 22 16 12 19 49: 38, 24 53_ 32 51 17 {ville} 49: 30 32 45
32 22 61 42 22 50 21 12 29 12 62: 21 31 20 50 32 25 17, 22 32
19 12 21 32 49: 67 31 31: 28 22 12 21 32 D 21 22 16 18, 15 21
38 62: 21 32 14 78 27 31 50 81 51 6 , 14 20 16 12 15 42 31 24
28 32 30, 12 15 21 32 45 12 19 32 21 50 16 22 26 50 51 32 15
12 19 27 61: 49: 17, 46: 21 32 74, 14 12 30 12 16 15 60, 14 32
50 45 16 21 31 35 43 38 20 12 15 21 32 74, 20 21 87 68, 12 31
24 57 25, 31: 50 32 19 22 31 {4} 32 21 49: 17, 27 31 22 20 38 47
52 58 66 12 27 68, 51 53, 21 32 20 29 16 65 20 [[(1). Je reco-]]
