# Rommel pp.307-314 (leaves 349-356), Henri IV to the Landgrave, [5 April 1606]
# {♀} {Ψ} {tt} = flourish glyphs, nulls (see p.309 "ayant {♀}{tt} sceu")
[[...d'en faire part aux princes de la Germanie de ceste condition là]] {♀} 46 22 12 32 15 21 38 41 20 68, 18, 50 36 33 46 50 38
50 20 52, 21 {8} 12 16 52 49 50 62: {grand} 32 27 16 15 29 22 20
12 46 15 [[parce que]] {♀} 33_ 15 38 36 41 31 45 40 81 17 16 42
15 21 48: 36 46 15 28 22 12 21 32 D 21 71; 61 20 51 D 74, 50
30, 14 34 73 D 12 50 21 61 D 51 32 19 22 24 38 45 20 32 73
80 29 69: 20 17 19 12 15 27 42 70 54 18, 85 62: 28 22 36 16
20 21 81 49: {♀} {Ψ} [[Hongrie, où l'on ne fait la paix ny la guerre comme il convient. Car j'ay sceu que l'accord projetté avec le Botskay est demeuré imparfaict ... (p.308 in clear) ... de toutes parts.]]
# p.309
{♀} {tt} {Ψ} 18, 20 58: 29 52 19 52, 21 36 32 71,
25 60, 52, 21 60, 69: 38 20, 14 42 74, 86 45 77, 49: 20 49 16
85 80 12 45 20 48: 17, 30, 12 20 16 45 28 80 22 50 74 19 12
27 33 32 70, 20 16 42 21 62: 51 42 32 74, 34, 15 21 80 25,
49: 86 16 {4} 80 24 31 15 21 {♀} {tt} [[sceu que le duc de Féria, qui estoit vice roy de Sicille, a receu commandement du roy d'Espagne de se trouver en la dite diette, tant pour promouvoir et favoriser la dite eslection, que pour y proposer la pacification des troubles des Pays Bas; et, en cas que les Estats des Provinces Unies des dits païs la refusent, engager l'Empire à leur faire la guerre avec eulx]] {Ψ} {♀} 70, 20 52, 21
49: 22 23 65, 17 16 20 12 {4} 50 49: 30 19 31 15 49: 31: 20 38 68,
15 27 32 38 21 88_ 68, 14 18 50 {9} 61 17, 36 74, 20 21 12 62:
51 32 45 80 38, 12 15 20 28 82 15 21 81 74, 20 51 68 66 70_
34, 20 34, 50 36 32 50 51 60, 72, 12 81 20 21 12 34, 32 73
74 74, 45 38 36 81 20 D 80 12 74, 68, 21 53 20 18, 73 77, 20
81 74 47 19 12 15 27 61 20 70, 28 16 12 22 62: 21 80 86 16
12 49 12 80 14 53, 20 12 81 49: 17, 50 19 57 15 37 12 20 D 32
34, 45 74 38 21 17 19 16 20 47 81 49 42 74 38 49: 17, 17 22
12 20 D 80 45 36 81 58: 28 16 12 26 {hat} 45 21 28 33 38 52 74,
80 28 22 12 20 58 49 32 74 17 74, 45 28 74, 28_ 62: 20 62: 35
18, 49: 36 81 71, 31: 75 12 62: 68 21 69: 60, 62: 17 38 20 27 33
52 19 68, 18, 50 46: 36 74 78 58: 15 38 29 80 36 62: 21 27 34
28 74, 49 18, 20 57 39 69: 38 21 74, 50 16 43 22 {4} 50 49: 17,
46: 51 32 28 12 52 21 81, 80 25, 20 53, 33 80 12 21 60, 85 16
# p.310
68 74, 30 57 19 21 87 54 31: 21 19 65 26 22 19 80 24 {8} 42 53
49 20 74 74, 20 22 46 14 75 15 21 12 32 19 73 27 38 70, 49: 47
62: 28 49 51 49: 85 16 24 38 51 34, 20 38 {9} 80 26 8, 15 50 27
38 34 45 74 49: 69: 17 19 42 45 59 12 47 80 18, 34, 15 21 67,
8, 5 X 74, 31: 40 15 16 12 20 21 19 80 24 68, 18, 20 84_ 21
74, 70 86 53, 59 19 52, 21 69: 18, 20 62: 26 17, 35 18, D 21 17
80 19 49: 20 D 22 50 {8} 18, 70 46 49 12 15 27 38 20 49: 17, 96:
45 38 20 {4c} 85 16 12 15 50 49: 20 12 {4} X 74, 22 76 68, 52, 51
32 20 21 32 18, 50 77, 73 85 80 20 17 74, 49: 36 32 20 D 58
22 19 20 49: 29 57 75 16 19 12 20 38 49 32 21 20 32 31: 49: 49
18, 50 35 16 15 D 38 75 12 15 74 62: {4} 20 49: 20 80 15 21 12
62: 73 57 14 12 38 87 32 74 57 85 12 20 49: 36 38 20 21 38
59 53, 19 16 15 D 38 62: 20 62: 26 17, 38 18, 20 16 27 D 31
50 12 16 15 50 59 16 44 38, 62: 74 53, 21 38 20 84_ 74 74, 20
70, 73 38 17 74 20 62: 74 32 19 52, 74 60, 17 31: 20 32 19 22
34 4, 49: 17, 14 12 26 32 19 74 81 30 32 19 30, 15 82 68, 85,
15 20 {9} 32 20 29 16 12 50 62: 80 21 D 62: 37 74, 84_ 74 74, 80
28 {hat} X 22 62: 74 31 30 32 68, 28 31 60 22 62: 27 32 19 18 26
12 62: 49: 17, 27 84_ 20 32 36 16 86 D 22 15 32 D 21 17, 20 32
22 74, 21 32 17 75 26 14 12 68, 28 52, 51 12 84_ 19 80 24
26 12 62: 31 30 74, 57 26 18, 47, 20 32 75 18, 85 62: 21 68, 22
53, 20 31 28 22 32 19 51 12 50 D 82 32 25 27 61: 68, 22 16
75 20 62: 12 22 30 38 74, 78 28 12 30 15 32 50 30, 12 20 84_
20 D 24 68, 22 16 75 20 34, 42: 15 12 38 25 34 28 22 12 50
32 21 28_ 49: 36: 38 68, 12 32 17 22 12 50 32 74 28 12 26 21
25 69, 30, 12 15 21 32 15 80 68 21 {4c} 60, 18, 20 80 20 D
32 22 74, 19 49: 30, 26 16 15 42, 75 16 14 22 15 21 32 68,
# p.311
60, 62: 31 28 22 62: 27 38 19 18, 50 32 22 D 38 27 51 55 {Ψ}
{♀} {ю}.
[[J'ay esté adverty que le roy d'Angleterre est à bon droit très mal satisfait du dernier refus, que le roy d'Espagne et les archiducs luy ont fait, de luy délivrer et envoyer deux de ses subjects, nommés Owen et Baldouin, qui sont en]]
[[Flandres; lesquels sont chargés ... conduit toutes les menées en Angleterre et en Escosse, descouvrissent les autheurs et le fond d'icelles (1),]] {tt} {♀} {α} {♀}
{∂} {y} {m} {(m} {o} {p} {g} {Ꞥ} {3} {t} {ζ} {♀} {ю} 42 84_ 85 16 12 15 20 12 32
15 31 24 17 34 20 51, 68, 37_ 60, 27 32 20 21 38 12 52 20 21
38 16 29 D 62: 27 38 19 16 85 17 32 84_ 32 27 18_ 20 46: 21 25
58: 4, 12 14 49: 20 12 74, 22 42 75 74, 62: 15 32 22 21 19 31 43
12 74 81 D 21 62: 55, 12 16 42 15 21 68, 8, 20 27 31 24 68,
18, 20 46: 21 25 58: 15 16 26 34, 21 62: 21 19 12 62: 80 69: 62:
20 16 15 62: 28 19 16 12 21 32 21 62: 22 32 19 20 D 32 50 73
# p.312
32 19 22 12 21 81 22 19 50 60, 74 31: 17 62: 20 38 19 38 21
69: 53, 26 14 12 32 49 27 38 85 32 20 31 {4c} 32 34, 15 74 14 22
24 31 54 80 45 21 49: 15 53, 75 38 84 X 84_ 70: 69: 17 14 22 20
12 32 22 19 20 16 29 D 74, 20 32 21 53, 52 D 38 19 21 52 74,
20 21 74, 20 D 17 52 27 12 38 22 23 81 23 70 74, 25 60, 27 32
20 21 32 29 D 32 51 {9} 32 20 29 16 12 20 27 46 85 D 38 12
14 32 20 21 17 19 22 49: 15 21 32 74 26 12 62: 31: 20 52 12 18,
12 52 20 17 61 74, 84_ 73 D 12 71, 20 38 30 34 49 49: 19 80 26
12 62: 49: 20 38 17, 12 73 D 81 19 31 14 18, 49 57 25, 12 15
28 22 27 {4} 73 32 21 17 32 19 20 22 80 20 12 16 15 50 70, 15
52, 21 84_ 21 74, 26 75 74 68, 28 80 26 22 20 32 19 32 21 27
12 19 31: {hat} 15 42 49 27 61: 84: 23 68, 14 25 12 14 78 18, 20
80 28 74, 20 D 32 15 21 60, 17 53, 22 16 12 19 85 12 32 22
23 25, 31 29 69: 88_ 55, 26 31 20 53, 12 14 25 17 74, 21 62:
28 62: X 62: 21 69: 22 15 {grand} 38 20 D 16 19 21 27 38 73 74
81 80 45 D 38 D 32 17 19 12 15 27 12 47 80 18, 85 62: 15 21
28 22 27 16 20 21 38 28 22 19 33 12 15 38 21 49: 39 19 12
20 38 31 24 15 50 60, 27 38 73 51 38 39 D 38 27 21 74, 37
16 22 26 18, 25, 79_ 38 21 45 34 21 32 15 60 57 41 45 50 68,
[[le retour à Brusselles du marquis Spinola, lequel y doibt arriver à la fin de ce mois au plus tard, pour mettre la main à l'œuvre. A quoy il sera très difficile que les dits Estats des Provinces Unies résistent]] 34: 27 46 67 D 38 42 14 87 50 52,
21 62 16 12 26 18, 50 26 61 31 22 36 46 22 27 16 22 17 47
14 22 20 68, 18, 50 84_ 21 74, 50 12 14 87 20 32 19 52, 21 31:
21 19 31 12 15 50 84_ 50 20 54 49: 20 32 67 32 21 74, 73 22 72
17, 49: 29 32 15 50 12 22 32 [[qui sera une]] 67 12 20 32 19 31
# p.313
26 18, 31: 28 12 {4} 60, 32 22 14 23 32 21 18, 20 32 52 32 45 32
67 32 45 21 78 48: 17, 68, 14 18, 50 52, 21 D 49 46 17 47 45
22 20 51 27 19 34 12 15 28 74, 62: 22 15 38 20 21 31 51 36
46 67 47 16 20 32 81 21 40 16 22 D 32 49 45 32 54, 49 17 14
21 50 12 38 22 19 20 74 32 20 51 32 50 [[comme est la]] 74, 17
22 26 14 12 68, 49: 20 60~ 53_ [[qu'en un autre. C'est pourquoy]] {8}
27 32 22 14 76 70, 20 52, 21 31: 12 46 12 15 21 87 73 X 37
12 68 21 32 74, 20 21 84_ 32 52 14 23 37 46 12 22 62: 21 26 12
62: 54 17 62: 73 38 19 [[affin de]] 77 17 69 19 21 32 19 17, 67 31
12 45 [[devant que]] 18, 22 19 49: 26 12 14 12 21 32 61 21 42
15 31 45 42 {4} [[soyent plus grandes]] 84_ 21 74, 34, 45 21 18, 20
74, 85 38 49: 20 54 20 32 19 52, 21 D 19 46 47 21 31 19 37
42 29 87 22 53, 20 85 52 32 55 27 32 68, 8, [[vous ay ci devant escrit sur ce subject, en vous priant de]] 39 84_ 16 19 12
20 38 19 18, 22 19 20 31 29 69: 20 32 21 60, 20 22 12 21 32
20 62: 22 32 19 20 18, 20 17 19 12 15 27 32 20 37 70_ [[de quoy j'entends estre réussy fort peu d'effect. Mais les affaires et entreprises par messieurs des dits Etats, tant du costé des Indes Orientalles, qu'en la coste du Portugal, vont prospérant grandement au grand préjudice de celles des dits Espa-]]
[[gnols]] {9} 21 81 62 16 12 20 8, 60 53, 26 21 32 68, 27 32 51 21
32 26 16 15 D 32 29 46 19 51 52 68 32 25, D 37 22 74, 20 12
59 32 14 18, 49: 17, 21 32 19 74, 25, 85, 15 68 [[et que]] 25, 20
17 32 22 17 18, 20 50 32 17, 20 D 62: 21 49: 20 53: 50 21 32 15
12 19 18, 29 31 12 25 49: 17, 99:. [[Je ne vous escriray rien du différent, qui est entre le Pape et les Vénitiens, sinon que]]
8, 85, 24 68, 18, 50 58: 29 32 19 52, 21 36 32 71, 87 60, 19
# p.314
52, 51 60, 20 62: 31 28 22 62: 21 31 30 32 19 [[aussy que]] 12 43
25 52, 21 {8} 42 16 22 19 20 70: 40: [[de semblables occasions. C'est pourquoy, de mon costé, je feray tout ce qu'il me sera possible pour le composer au plus tost ... ]]
