1010765276740102086712328415056044674140720301054740502
30505020209030208552032560765276747240720472048584752090302
2607090458502090420325609210852575024020903474054967604
30209072742046857402090101012660867123284140309426616
801004010465076527672502090301042072867845602090166
256750409474426625090301024020903472465072209651206080
60167502091010728602060549676030961509554034703567426615
260947546072075660866052942840006557140301020903020206052
7232720209072014408545509506607554072158276037460371
1504440803084154284040204040010740921084676063415
2616676760290721582743746086660502044080302090153424
47261676046020975817476014404858426615052072261605025
10104440971766040720301030946046921097412840002432576
85362125660764604575024651400087676724020902060951656
65867604094744760004585414701112000302040301020609476
56072015467072867847420004209476560866602091010402094
7762852166045034865602060246847407203476266262603941
64090441740855402090524026056712150720725000725030107
38970938397
