2407256365072020205020727450402095544056604
2551747520720549674509044172060720975867676
91740420411572072040940341500024522609174024
56641509046051604722059272114420005025052
15460890309615097224070905772660405140686466
040502020904120535702082553646750401827276
4420256215720720101053620154140209052034
746504575026122412050202090206082054724
167426616044072362140720609054614056760560206052097
586765604426650917402408492146507202151212400024
3258446024030946040341502409632507211120009
17404481620764056641504685740203094202020263612
7203094209012125065148246034650921071257607642
4417204825209020605246505020416611740845123412
762045709684120966546755205020609012604509514752
1461509210240341576072030103094607516724097
2147602712097634120515202262517207640532125845750502
747604010106090541251412566000720609066075167401090347602651
46040907651760405957116426616038079
