101076527674044674140720301030961509210986515026
3040502080909327660402607250209060905140467414
768240485257476024025675000102016407235724
72011150240872512466525000502509665402090206
55450524050207251417476044080302607090975126
824024046857402601050002609030634150261667676
4010102090801040374672522507652767250720102
261214140740301040854550950744030940520876
760209056660951724084147037460866600011246
440872512466520002090301024030946050207090209
520540206097581740441750209024056712125076
725000240866091842850516740111507090209054
96740752467476000866209010103260509020601674
7208090516611508554044816402090524026056712
125076072507404010660468507207235724024
2090723672584024011150401629509210852575
91701010321728402090547240866602090301026121456
8010408545509505020541253412566076402567500502
243257056712125046757407646041256205160502
20903020206052016634040729474760446071266
720105090609046741409476040101020909584044174059
674604056066095540921080901010154604685740209
109034824026166767604030102090447821658515072
854562406461503240556502541204620206040242
51661150440932724125660740609054614056760502209
10102060261667607209327247450560972240206034
440975365256607644036760260709035724020905772
6402402040720176615000209052616676020902407615
64615034044816201741412050854634125620854071
840720846165024030946060166115010109585084154285
00209093671465026526260720347607640478216585
1475016026750752262501629574460967502090101
605020975867676091740720412044409721422566024
50202090520402051540347602407625625016740485
68214702541205152026287204705957520406090515
72563650765276740209030103096150921097651501474
26030400016740905152093276612000145442076022
967276014460596740502020905417402090547240254
150746554040903054724046857402060266506582140442
51412084520720301052616676046857402090655097616655
47821658515017414072015467607652364704408265400502
2090240849215450720854562402060602601115084
154285052071821402090206520348265097412209072
725636474404096755640515961405076966766160740808
507685460520209020609554076525267604020901574
591364760450514150684652452850720709047821658
51475050250520765276740209030101534203476070905321
25020907404120520596740002090764011150660524074314
342414095201010837093873
