30961504420112141207210505644081015403470747516750326274
65097651509516675034709150209060905240163585072943424024
801060146150122274000876760146150440846864267604402571
234267040422536500044484592640515209523426720209
2060525407255416760403470855408564000140562976026
72846750240244608540963250009665416050202090644
2060968405020236574604050220901115070902090426
51865504260514150975655128415092101541602402604626
14614042821256607275226476020902060860666044176146
1402601502402675000502072712080104021721250245
20606080708767508660009526424440872546400209
2604620206076362066042576660847206602468502152
2124044546755205025147676020902401666760240365
7212550524044016740624072752264760003096150644056
263462053621650459150348243060856558676056241652
8525721407209474471201205859727620046084542
2090206015342508526167604440966402601461501207275
6090554502090560401034865602616760260164097232566052
8174024085665148246000262574652051503234254509751651
46754202090562601672266072017603457620206034865675
7695667604604722044042274342500044097268296072
856760420347240143424760240849501676765160209052
26167240326604014612011214120454209765150502209052
8767602090609017424052403414011140905491140764085665
148246000764032342545000502505271821402090206
348265030420902292451750167353655500020609150102
44174306017514675520240856651482460904010209045097174
434760111507090209015740008010209087676050203094209012
4072752264760520175167401603257650263464400052
9627401277507202608901541150876767604420815620738
50154115034712094716072060908492114507201040166115072
840416366124525026060908571604825209095524160936
72745090301050220909476675420720347030942090532125090709
246545095540347601461509210356741430604528174675440209
2660587214074050255640254086602651711407342012
5720727098571600076440641174072080097268294430607389
