3096150442011214120720105056440801015403470741675032
6274650976515095166750347091502090609052401603585072
943424024080106146050522274000876760146150440846
864267604402571234267040422536500040448459264051
5209523426720209020605254072554167604034708554081
564000140562976026728467502402446085409632500096
65416091702090644020609684050202365746040502209011
15070920904260518655042605141509756551284150921015416
24264620601461404282125660727522647602090206086666
4417614640260111502402567500050207271208010402172
125022502060601356140876750866602090524016402444
87251246400020902604620206076362066042576066084
72140660246850215128240445467552050251476760209024
240166676024076365072125505240440167401240720752
26476000309615064405263462053621650450915034824266
160856558676056250416520852572140720947447120120585
9727620764608556045420209020601534250852616760444
96640260146150120727506090554502090560401034865602616
76026016409723256605281740240856651482460002625746
5205150323425450975165146754202090562601672266072
17603257620206034865675076956676046047220440422743
42500044097268296072097604203472401434247602408495
167676516020905201616724032660401461201121412045420976
5150502020905208767602090609017414052403414011140856
54911407640965148246000764032342545000502505207
1821402090206034826503094209022924517501673536555
020609150102044174306017514675520240856651482460910401
2090450971740403476011150709020901574000440801020987
676050203094020901240720752264760520175167401603257
650263464140005209661274014772072020608090154115087676
760420815620515411503471209471607206090849211450720104
16611407203574040160366124525026060908571604825209095524
16093672745090301050220909476675420720347030942090532
125090709024651404509554034760146150921035674143060452
81746754402090761401040126605872140740502556402541508666
