1 31 142
2 142 247
3 247 354
4 354 455
5 455 555
6 555 661
7 661 767
8 767 887
9 887 996
10 996 1103
11 1103 1207
12 1207 1311
13 1311 1416
14 1416 1525
15 1525 1625
16 1625 1738
17 1738 1850
18 1850 1969
19 1969 2072
20 2072 2182
21 2182 2296
22 2296 2401
23 2401 2523
24 2523 2630
25 2630 2747
26 2747 2859
27 2859 2974
28 2974 3086
29 3086 3201
30 3201 3306
31 3306 3406
32 3406 3514
33 3514 3625
34 3625 3730
35 3730 3841
36 3841 3954
37 3954 4060
38 4060 4175
39 4175 4283
40 4283 4395
41 4395 4514
42 4514 4631
43 4631 4739
44 4739 4860
45 4860 5371
