1 17 101
2 101 189
3 189 273
4 273 356
5 356 441
6 441 550
7 550 640
8 640 729
9 729 821
10 821 921
11 921 1016
12 1016 1112
13 1112 1198
14 1198 1289
15 1289 1388
16 1388 1489
17 1489 1582
18 1582 1676
19 1676 1778
20 1778 1868
21 1868 1969
22 1969 2057
23 2057 2161
24 2161 2254
25 2254 2354
26 2354 2449
27 2449 2541
28 2541 2637
29 2637 2732
30 2732 2823
31 2823 2914
32 2914 3010
33 3010 3107
34 3107 3200
35 3200 3286
36 3286 3373
37 3373 3464
38 3464 3559
39 3559 3645
40 3645 3739
41 3739 3837
