# R1947 van Dedem, Constantinople, 8 Nov 1789 - cipher annex (scans P4-P5)
# P4
701 801 1378 2069 2262 1532 420 3155 3147 1095 1798
1031 185 2137 745 89 1175 2078 1482 1509 2204 2020
2360 2470 3293 848 1705 433 2915 650 1982 846 608
2258 185 748 948 385 220 1360 2006 1275 3273 1386
1858 155 690 86 1486 541 2036 745 1181 28 121 453 281
254 357 168 451 549 485 1275 1978 2420 937 1181 113
2221 1281 73 86 3062 948 385 3167 1382 116 2109 1532 1645
2062 2361 293 52 2194 1615 281 1281 1101 200 644 937 1178
549 2460 541 1935 1459 [—] 2121 159 1275 2078 1482 1509
2204 921 3499 950 1152 2221 937 1381 1632 1958 2303
1507 2221 286 525 2616 846 1281 1907 9046? 2023 1586
2532 394 2509 2327 95 324 845 1181 1456 185 3173
1577 1381 1626 1281 2202 636 846 1214 1871 843 2055
966 745 649 276 843 2306 1255 2483 608 1907 608 1513
1694 2258 1577 2773 164 121 52 2302 1508 2121 937
1178 1532 89 1926 2028 1260 25 843 2483 2616 52 2123
2331 225 85 1181 1565 745 328 1658 948 1188 851 1619
1482 2186 1059 946 95 566 86 2088? 1526 1343 1636
1577 1275 329 2821 226 2021 1382 704 194 1858 750 112
208 3095 3273 948 485 1381 643 86 2555 2335 745
549 2204 2197 2360 1456 1189 2773 566 894 1511 1178
1489 2819 588 690 185 798 752 497 2123 323 2414 329 2287
2221 2404 2062 442 329 246 86 3273 [—] 3373 433 652
# P5
1278 950 541 42 286 1549 1577 1178 1880 2055 1175 2062
293 451 2445 2088 608 2258 86 1717 2470 95 1178 838
225 595 385 2400 1456 2023 1532 1858 1340 750 2148 475
865 946 2021 1247 1958 650 2619 2469 1382 265 2250
453 549 810 2358 1577 1275 2221 2467? 2014 2406 1456
855 690 86 2155 865 745 2084 553 848 1382 116 3347
1532 1586 2532 3499 525 2121 3273 1532 2358 89 358
1447 171 288? 2127? 937 1178 2055 28 796 185 1175 1809
608 2821 216 848 2155 643 286 1532 644 281 329 476
293 643 95 1382 1054 2794 2890 948 2420 937 1278
1732 2155 2359 2746 2125 2021 286 1382 1156 745 2931
2712 2020 1278 1549 2055 2210 745 95 385 2519
745 186 1876 [—] 1627 3610 2123 2255 847 2741
745 541 64 130 3912 1378 212 527 73 322 89 552
1378 1031 285 2255 756 1577 1770 485 74 2483
1181 1512 1747
1378 2069 2262 1532 1871 1690 547 745 2121 1381
2148 775 200 1521 185 3373 2010 1175 2122 1247
95 1278 1031 283? 2139 845 2762 726 1441 42 541
467 86 52 2121 1347 89 652 1278 1031 485 30 451
1378 1130 1595 745 185 1673 2037 2350 2148 1645
1796 2305 2360 2470 301 401 501 601
