# R2053 p.2 "Cyffer van den Heer Ambassadeur van Dedem te Constantinopel aan den Heer Raadpensionaris", 1 Dec 1789. ? = uncertain.
1946 2504 2604 2704 27 86 1175 1082 186 3610 527 526 1949 1181
2202 747 2408 1247 847 2020 1800 2712 86 1054 1587 2028 95 1175
3273 2573 353 2263 185 2060 293 2160 2088 549 86 164 121 52
2021 937 1178 1532 89 1780 1926 2620 1260 1195 2210 329 73
116 848 86 641 1848 2871 543 569 937 2006 2221 937 1378
1732 859 1994 2055 2148 1776 2250 3000 258 2209 1176 3267
948 453 116 2266 541 1709 2266 741 1079 846 58 469 322 846
1070 1926 1705 2155 1456 168 1715 2305 1175 1775 588 948
1509 95 722 1532 608 1970 741 267 1505 1532 2206 322 1780
3300 2520 1081 33 636 640 2221 1247 1378 808 690 2250 266? 2620?
2295 768 949 608 456 2360 2023 847 2381 2395 608 55 540 169
937 194 2482 1378 1249 2118 2598 2062 1656 2121 1181 851 848
1381 1535 1386 1150 2113 1815 549 2250 231 2972 768 640
2366 1241 2028 2119 1486 128 2148 462 2035 52 95 1176
1775 872 2674 529 1604 1509 89 641 1158 385 2209 1041 608
2850 1441 1694 2305 2148 2651 195 2422 2055 1709 3739
3839
