#CIPHERTEXT
#CATALOG NAME: BAV_Barb.lat_6960-7
#IMAGE NAME: 2509.png - 2512.png
#TRANSCRIBER NAME: MEG
#DATE OF TRANSCRIPTION: March 20, 2020
#TRANSCRIPTION TIME: 435 min
#TRANSCRIPTION METHOD: Manual

#IMAGE NAME: 2509.png
<CLEARTEXT IT Di Vienna 18 di Agosto <IL> <IL> >
<CLEARTEXT IT 1629 A. 43.>
<CLEARTEXT IT Cirea? le cos'? d'Italia>
3 2 5 0 3 6  4 2 0 0 1 7 4 1 1 3 2 0 7 6 4  1 3 3 8 4 7 4  5/8? 5 3 1 5 5  0 7 1 4 7  1 7 2 3 5 3 6 0 7  1  6 5 9 9  2 4 5 0 4 4 5 0 3 2 0 0 3 6  1  6 4 1 5 3 1 4 7  8 6 5
5 2  6 4 3 6 0 6 2 0 9 6  8  3 7 1 9 2 9 0 6 5  8  5 2  3 2 9 0 2 5 5 0 8 9 0  1  6 9 2 3 2 2 0 7 6 5  2 5 9 4  2 9 9 0 1 7 2 7 3  8  6 0 5 8 1  6 2 8 5 3  1  2 3 8
9 7  2 5 9 0 3 6 7 7 7 9 9 0  8  6 9 1 6 7  3 6  8 7 0 9 9  2 9 5 0 1 6 2 9 9 9 4 3 6 8 4 4 3 6 9 0 2 5 0 0 0  8 7 2 7 4  1 1  2 2 3 6 7 0 0 6 5 0 6 5 0 6 5 0 7  2 9  5 0 1
6 9 1  4 3 7  8  7  9 1 7 2 8 0 2 0 6 2 0 2 9  2 6  2 0? 7  5 5  8  6  9 1  9 9 0 9 2  9 2  5 0 9 1 0 6 0 9 3 6 2 3  0 7  8 3 5 2  8 8  3 2 3 6 9 0 2 3  5 2 0 7
7 7 9  8  7 4  1 9 9 0 9  7 5 6 5 9 0 1 3 3 0 9 1 6 9 6 4 9 9 2? 9 5 0  1 6 9 1  4 2 2  8 9 0 1 5 6 1 2 9 0 <CLEARTEXT IT *> 4 7 1 6 5 2 0 9 6 1 1 0 6 7 0 6 6 2 5 5 0 8 0
0 1 1 5 7 2 5 0 6 3 6  2 4 2 0 3 6  8  9 4  8  3 2 0 7 6 4 8 5 6  8 4  6 3 8 8 8 7 6 1 3 7 2  1 3 3 0 7  2 2 7 0  8 7 4 7  8 0 7  2 5 9 0  2 9 0 6 2 5
0 0 1 7 3  8  2 3 3 2 3 6 9 0 2 5 0 1  8 6 4 2 9 2 5 9 0 2 9 2? 6  2 0  8? 4 6 4 8 9 7 1 2 3 0 6 7 0  8 4 4  2 0 0 6 7 0  3 6 0 9  8 5 1 1 9 6  1 5 2 2 5 0 8
3 3 0 7  8 6 9 1  2 3 0 0 3 6 0 6 9 0 3 6  3 3 0 9 2 9  8 9 5 1 1 2 2 3 6 9 0 6  4  1 2 2 0 7  6  4  2 3 0 7 6 5 7 1 4 4 0 7 3 6 2 6 0 0 8 3 3 8 2 4 4
9 7 1 2 2 0 7 4 9 8 9 9 9 4 3 6  2 9 5 0  8  7^6 9^3  7 4 9 8 2 3 2 2 9 0 6 9  9 3  8  0 6 2 9 1 2 3 0 6 7 0 8 9 9 0 9 2 9  2 5  7 6  5 5 0 6  7 0 7 7
7 0  8 0 0 1 6 7  3 6  9 5 8  2 2 0 2 3  6  2 5 0 9  8 0 0 1  6 7 0  8 5 5 2 0 1 7 4? 4?  1 5 4  8 7 7 9 0 3 3 0 9  6 5 7 7 0 7  8 3 3 0 7 6 2 2 9 6 7 3 6
0 2  6 5 9 2 9 0 2 9 2 6 2 0  8  5 7  1 7 3 8  6 9 4  4 9 0 2 3 0 8 1 6 9 2/3? 2 9 0 2 9 3 3 0 7 8 4 7 1 3 2 9 0  2 7 9 0 3 2 9 0 2 9 9 3  8  3 3 7 
4  3  1 6 5 1  4 4 0 6  6  4 3 6 0 7  8 0 0 6 0 5 0 3 2 9 7 2 0 3 5 5 0 8 0 0 1 2 7 9 0 5 0  8 3? 5 2  8  9 0 1 6 0 5 0 1 2 3  8  9 7  9 9 3 6
7 0 2 3  0 2 6 4  1 7 2 3 5 3 6 2 0 8  2 3 0 2 6 6 6  7  2 5 9 0 2 3 3 2 0 0  8  9 7  6 5 2 9 0 6  2 0 2 9 3 3 0 7  8 4 7 1  4 2  3 8 0 6 0 7
3 7 0 0 9 6  8 7 9? 7  8 2 7 9 0 5 0 8 2 2 0 2 6 5  8 5 7 1 7 6 1 6 9 6 4 9 9 9  6 8 6 9  1 7 4 3  8  7 3 8 4  3 7  8 9 7 1  4 3 6  8 8 1
9 0 1 6 9 1 2 2 0 0  8 3 7 1 1 9 0 1 9 2 2  8 2 2 3 6 0 7  7 2/7?  9 0 2 3 0 0 8  2 0 6 5  9 2 9 0 2 9  2 6 2 0  8 7 3 7 1  5? 5? 0 0 1 3 3 7  
0 6 2 6  7 9 3  8 8  6  1  5 3 8 6 2 9 9 9  4 3  6  8  3 2 0 7 7 7  0 7 2 5 9 4 9 5  8 5 5 0 0 8 7 4 4 1  6 6  8  2 4 6  1 4 7 1 1 5 5 0 0
2 2  0 7 3 6  2 5 0 0  9 3  8 0 6  2 9 1  3  2  5  1  9 0 2  3 2 2 3 6  9 0 2 3 0 7  8 0 6 9 0 2 9 0 6  9 3 8? 6 9 1  5 2 5 <CLEARTEXT IT tre? giorni> 2 3 0 7 9 6
5 2 1  4 7 7 1 5 6 6 6 5 0  8  0 6 0 9 2 9 2 5 5 0 6 4 5 0  1 5 6  1 1  2 2 0 2 4 3 0 0 9 3  8 1 1  4 7  1 7 6 8 6  4 3 2 3 6 9 0 2 5 0 0 3 6 9? 9?
9 3 3 6 2 9 2 0 9 3  8 3 3 1  4 7 2 1  3 3  0 7  6 0  9  8  0 2 2 9  <CLEARTEXT IT IL>  3 3  0 7  8 4 9 2 0 6 2 9 3 8 5 7 1 2 5 3 6 2 0 2 5 0 0 3 6  8 7 3 8
2 2 0 0 3 2 9 0 8 5  6 1 7 7 4  1 6  3 5 1  5 5 0 2 0 6 9 0 6  4 1 3 6 5 0  2 2 0 7 3 6  2 5 0  1  9  3  8  4  7 1 5 3  2 2 7 0 2 5 3 6  2 0  8 5 2  3 2 6 6 0 6  3 3 0 9 3 6
6 5  8 6 0 5  8 4 4 3 6 0 0 8 3 3 7 9 0 9  8 3 2 0 7 3 6 0 7  9 5  5?  6 4 1  7 6  8 6 2 5 1 5 3  1 0 6 5 0 9 0 9 5 6 9 7  2 5 5 0 9 0  3 6 0 0  1 7 5 5 8?  3 6 9 0 9 2 5 0
2 5 0 6 9 0 9 3 8 7 2 7 5 8 9 2 2  5? 0? 7?  9  1 7 2 7 3 8 0 6 7 0 3 2 9 0  8  9 0 7 4  9 3 3 6 7 2 9 6? 0 8 9 0 1 4 7  1 1  7 7 5 1 9 0 1 9 2 2  8  7 6  1 1 2 2 3 6
5 0 7 7 0 7 1 3  3 0 2  7 1 5 6 7 3  8  6 0 5 8 7 4 4  5 2 1 1 4 2 2 1 4 7 8 7 7 4  8 6 3 5  8 5 5 0 0 8 2 2 3  6 7 0 7 7 9 0  2 3  0 7 8 6 9  8 0 0 5 0 6 0
2 5 0 2 3 6 8 5 7 1 1 7 7 5  8 9 0 4 4 7 9 9 3 8? 5? 3 1 1 9 9 0 9 2 9 2 5 9 0  8  9 0 1 5 2  8 3 7 9  8 8  7 7 6 8 7 7 5 1 6 3  8  6 9 6 4 8  0 2 0 6 2 0
2 9 2 5  8  5 5 0 5  9 0 3 6  5 0 8 7 6 1 6 9 2  8  5 9 5  8  2 2 0 7 2 9  3 3 0 9 3 6  2 0  2 9 3 3  0? 7 8 7 6 1 6 2 6 6 8  0 0  2 9 5 0 7 7 0 7  8  6 9 1 4 2 2
9 0  8 7 3 7  8  6 2  6 6 1 7 5 1 1 6 4 2 9 2 5 5 0 3 6 0 5 2 0 8 6 6 8  4 0 0  8 8 8  9 3 0 7 9 6  8  7 5 3 8 6 4 2 5 5 0 6 2 9  5  8  4  7  8 0 6

#IMAGE NAME: 2510.png
#COMMENTS: Right side of photo partially cut
50 6 9 8 9 7 1 0 6 2 9 0 0 8  4 9 7 1  3? 3 3 2 3 6 5 0 2 5 0 0  8  5  4 1 1  2 2 9  8 3 3 1 4 7  2 1 0 0  8 7 7 5  8  6 4 9  8  7 4 0 8  0  2 3 6 5 0 0 6  2 0 9 3 8 3 2
7 0 7 3 8 3 3 7 9 9 3  8  6 4 3 2 3 6 9 0 3 5 0 0 3 6 9 4  8  9 0 1 4 7 1 0 7 4 4 0? 9? 3 6 5 0 6 0 2 0  8  9 9 3 6 2 0  6 5 6 5  6 3 8 2 2 0 2 3 6  2 5  5 0 3 5
9 0 1  2 2 0 2 3 6 2 5 5 0 1 3 2 0 7 7 3? 3 6 1 7 5 5 1  6 9 1 7 4 3  8 3 6 9 0 9 2  5 0 2 5 0 6 5 0  3 6  8 7 2 1 6  2 5 8? 5 3  1 1  2 3 0 7 7 5  8  7 6 1 6 3 2 1 1 2 2 0 7?
6 4  3 3 0 6 9 3 8  6 7  1 1  7 5 3 6 0 7  8 1  6 2  1 1 7 3 3 8 7 3 1 2 2 0 2 3 6 2 5 9 0  8  2 2 0 7 6 4 3 3 0 6 2 5 0 0  8 6 7 8  3 6 6  8  7 2  8  4 7  1 1 2 2 0
5 0 1 1  2 7 0 7 9 9 5 0 6 0 2 9  6 4  8 5 2  1 7 2 3 5 3 6 0 9 1  8  2 3 0 6 6 4 9 9 0 6 9 0 2 9 2 5 5 0 1 5 3 1 7 4 0 1 6 5 1 6 7 9 3 8? 0 7 3 6 9 0 4 9 9?
5 4 8  6 2 5  8 7 2 1 7 6 7  8  6 4  8 2 9  1 1  9 0 3 6 2 0  8  2 3 3 2 3 6  5 0 9 3  8 5 7  1 1  3 2 3 6 0 9 3 3 0 9  2/3? 6  8 4 7 1  7 7 6 1 1  4 4 0 6  6 4 3 6
3 2 0 2  2 9  2 6 0 7 9 5  8  9 0 1 4 7 1 5 3  8  2 2 0 7  2 5 9 0 6  4 8  7 4 3  8  6 5 1 1  4 4 7 0 2 9  6 7 8 7 5 5  8  2 3 0 7  2 2 3 6 2 0  8  7  4 1 2 2 3 6 7?
7 7  9 0  6 4  8  3 3 0 9  8 9 2 6 8 8  6 5 8 4 7 1  6 5 1 1 2 2 0 6 7 0 6 6 8 3 3 0 6  2 4 5 0  2 5 0 0 3 6 0 9  8 4  7 1 6 6 1 1  2 4 6  8 7 5 2 8  9 7
0 6 5 0 2 0 9 3  1 6 5  0 0 8 2 0 3 6  2 5 5 0  4 4 5 0 3 5 9 4 8? 5 7 1 5 0 7 7  2 2 9 0 9 9 2 9 0 0 3 6  8  6  2 9 9 9 4  3 6 1 7 5 5 1 6 0/6?  8 4 6 0  1 9 0 1 9 5
3 2 9 0 6 5  2 5 0/8? 0 3 6 7 5  8  0 0 1 2 2 0 7 3 6  2 5 0 0 3 6  8  7 3  1 4 3 7  8  9 7 1 1 4 7 4 1 5 2  1 1 4 2 2  8  5 7  1 1  5 3  8  7 4 7  8  7 3 8 9 7 1 4 3?
6 8 9 0 1 5 7 1 6 9 2 3 0 6 2 9 5 0 3 6 8 7 9 1 9 7 2 3 0 7 4  3  2 2 7  9 5 0 3 6  8  3 6 6 8 9 0 1 1 9 5 3 2 9 0 6  5  2 5  0 0 3 6 7 5  8  2 2 0 2 3 6 5 0
7 5 5 1 0 8/0? 1 9 2 2 0 3 6  1  7 7 7  8  2 2 5 0  0 6 8 0? 6 2 9 5 0 9 3  8 5 2  8 2 9 7  8 8 8  9 0 1 1/8? 6 2 3 3 2 5 0  9 3  <CLEARTEXT IT ancor?>  5 4  8  2  2 9  8 6 9 8  6 9 6 1 4 7  1  6 6 5 0/1?
9 7 3  1 5 6 7 4 8  2 7 2 0 3 5 3 6 7 0 8  3 2  5 0 2 5 0 0 1 6 9 1  6 6  9 7  9 9 0 6 2 0? 3 3 0 7  3 2 0 0  <CLEARTEXT IT fino? di mano? tornati>  0 0 1 2 5 0 6 7 7 0 6 6 6
2 5 0 6 2 0  3 6 9 0 1? 9 0 1 4 7 1 6 6 9 0 1 3 2 0 7 6 4 1 3 2 0 7 7 3 8 6 5 1 3  5 3 6 0 7 0 6 9 7 0 7  8  3 6 0 7 2 5 9 0 8 2 7? 5 0 0 6  8 4 7 1 6 2 5 0  <CLEARTEXT IT non>
<CLEARTEXT IT ? ? d'altrui? filo? di qualch'> 3 2 0 7 2 3 0 0 1 0 <CLEARTEXT IT <IL>>  7 7 0 7 2 9 2 5 7 2  2 4 2 0 9 6  <CLEARTEXT IT eleuni? piglia?>
<CLEARTEXT IT <IL> di <IL> di fino?>  2 2 0 1 3 6 5 0 1  7 5 5  8  0 0  3  6 2 5 5 0 4 4 5 0 2 5 5 0 4 0  1  5 7 1  6 7 3 6 1 7 7 7 1 2 2 5 0  6 0  1 0 2 2 9 5 0 7 7 
7 2 6 6 5 0  8  46 4 8  6 9 1 2 3 0 7 7 4 3 2 5 0 0 3 6 8 6 6 1 9 7  9 9  3 6 9 0 2 3 0 7  8 9 7 1  4 7 4 8 9 5 1  9 2 2 8 5 6 1 7 7 0 7 2 9  4 4 0 9 3 6 2 0 9
9 0 1 5? 0 4  8  2  5 0 9 2 9  3 3 0 9 3 9  3 3 0 7 1 7 2 7 5 8 9 2 9 0 2 3 0 7  8 4 4 9 7 9 0  8 7 6 1 6 9 3 6  8 4 7 1  4 2 3  8 9 7 1  5 0 6 1 6 5 2 0 9  6 1 3 6 5 0 3 3?
2 5 5 0 8 0 0 1 6 4 2 5 9 0 8 0 7 1 0 7 9 3 3 2 9 0 2 9 9 3 8 0 7 2 8  2 2 5 0 6 0 8 7 6 1 4 7 1 9 0 1 2 2 0 2 3 6 5 0 1 7 5 5 8 0 6 2 3 3 2 5 0 9 3  1 5 4 1   3 3 7 9 9 3 8?
9 1 6 9 1 6 9 6  8 8 8  <CLEARTEXT IT l'opinion di persona pensata? che mennì?>  7 4 8 6 2 6 6 6/9? 0 1 9 3 4  7 6 1 4 6 3  8  9 0 1 6 6 5 0 1 3 0?
5 0 7 7 0 7 3 6 5 0 1 6 9 1 4 3  9  8  2 3 0 7 6 6 7 4 0 6 2 0 2 5 9 4 9 5 8 3 2 9 0 6 5 9 6 1 5 2 1 7 3  8 6 3 6 5 0 7 9 5  8? 6 9? 6? 6  7 4  8  2  2 0 7  6 6 6 7 2
9 0 2 3  4 7  8 9 7 1  6 2 7  8  9 1 1 4 0? 4  8  9 0 1 5 2 1 6 6 8  9 7 3 2 0 0 6 3 2 9 0 2 1 3? 5 5  8 0 6 9 0 3 6 2 3 0 7  8 4 7 4  8  9  0 1  3 0 2 0 7 6  6  8 7 7 1
3 3 9 0 6 5  7  7 0 7  8 7  7 9 0 2  6 0 7  8 3 6  9 0  9 2  8? 2 2 9 3 3 0 7  8 7 3 7  8  6 9 2 3  8 2 4 5 8 6 6 8 4  6 3  8 9 0? 1 5 7 1 5 <CLEARTEXT IT z?> 6 4 2 7 9 0 2 9 2 6 0 1?
9 7 1 9 2 2  8  69 1 2 2 0 7 3 5 9 0 3 6 6 5 8 7 4? 3 8 6 6 8 3 9 3 1 6 9 1  6 4 4 8 7 7 2  5 7 7 5  8 6  4 9 9 0 6 2 0? 5? 7 3 7 1  6 5 1 3 2/7? 3 6  9 0 3 3 0 9  8? 9 7
2 2 3 6 9 7  3 2 5 0 2 2 9? 4  8  3 3 8  9 2 0 6  9  0?  3 6  9 6  8  6 5 2 0 8 5 7 1  3 6 9 0 2 9 3 3 0 9 3 6 6 5 1 7 5 3  8  2 2 5 0 0 6  8 4 4 0 0  3 2 7 6  9 0 1 6 6
2 0 9 9 5 0 0 6  9 2 0  2 8 8 5 5  8 5 6 7 4  8 3 2 0 7 6  4 8 3 3 8  4 7 4  8 7 4 1  7 6 7  8 5 5 2 8  5 7 1 6 6  5 0 1 4 4  9 7 5 0 1 0 0  3 2 9 0 2 9  0 0 2 1?
5 0  1 6 5 2 0  1 5 4 7 8  2 5 0 9 9 5 3  6  8  9 7 1 2 3 0 7 4 3  2 2  9 0 2 3 0 7  8 8 7 3  8  3 3 7 9 0 0 8 3 9 3  8 5 7 0 7 1 6/9? 0 1 3 2 3 6 9 0 3 3 0 6? 2 5 *

#IMAGE NAME: 2511.png
#COMMENTS: Some numbers were misleading
<CLEARTEXT IT chi possa ricevere? qualch' lunghilla? dall'> 2 0 3 2 5 0 3 3 0 9  2 9  3 5 9 0 1 5 6 7 3 1? 2 9 0 6 7 0 0 4 0 0 8  393 83
5 6  1 2 2 4 8 6 9 1  6 2 9 9 0 7 2 9 2 6 0 0  8  9 0 1 7 5 6 1 6 4 1 9 0 3 7 8^5 3^3 2^1 0 0 6 3 2 9 0 2 6 4 0 0 1 7 4 4 1 6 9 1 2? 4 0 6  7 0 9 5 8 9 9
2 0 7 7  2 4 9 0 8  5 7  4 7 1  3 2 0 7 6 6 8 2 2 3 6 9 0 2 5 0 9 9 2 0 7  8 5 6 1  4 0 5 8 4 7 1  6 3 3 9 0 6 9 0 1 0 0 2 3 2 2 7 9 0 0 3 6 1 6 9
6 6 3  8 3 3 0 9  8 2/3? 6 9 0 9 9  7  2 5 0 8 0 7 1  9  7 0 6 9 0 9 2 5 0 2 5 0 6 3 6 2 0 8 4 7 1  3 3 0 9  0? 6 9 0  8 2 2 3 6 7 0 3  2 0 6 3 6 0 0 3 6  8
2 2 0 7 5 0 1 2 7 0 0 8 9 0 1 5 6 7 3  8? 9 5 3 2  9 0 6 5 2 5 0 0 1 6 9 1 2 0 2 3 0 7 6 7 3 6 1 7 4 1 1 3 2 0 7 6 4 1 5 6 7 3 8 4 9 9 0 2 3 0 0  8 9  0
2 2 5 0 3 7 0 0 3 6 8 9 6 2 5 5 0  2 5 5 0 2 0  8 7  9 1 9 7 4 4 0 7 3 6 6 2 3 5 9 4 9 5  8 2 4 2 0 9 2  2 0 2 9 2 5 9 0 1 5 6  7 4 8 3 2 0 7 6 4
5 6 8  4 6 3  <CLEARTEXT IT puma? di mostrati? <IL> a questa granma>  4 4 0 6 2 9 2 5 9 4 9 5  <CLEARTEXT IT puol portar>  9 7 2 0 2 9 2 6 5 0 1  5 3 1 9 3?
7 0 7 5  8 7 7 5  8 9  7 0 6 9 0 3 6 9 6 8 2 2 3 6  7 0 6 5  7 7 8/0? 7  8  6 2 8 0 6 2 9 1 7 2 3 5 3 6 7 0 8 7? 3 3 8  <CLEARTEXT IT e quando>  3 2 0 2  6 3 2 9 5 0
6 9 1 2 4 5? 6 7 0 2 9  5 0 6 5 7 7 9 0 8 9 9  2 0 7 7 2 4 9 0  <CLEARTEXT IT non lascia di <IL> molto difficili ch'>  7? 7 6 8 7 7 5? 8  6 5?
2 2 0 7  2 3 0 0 8  7 4 3  8 5 7 1 7 6 1 2 2 3 6 9 7 3 2 5 0 2 2 9 4  8 3 3 8  9 7 0 6 9 0 3 6 9 6 8? 8 8 6 6 8  4 0 2  8? 6 5 1? 3 5 3 6 0 7 0? 6
0? 2 1 5 5 7 0 9 9 5 0 1 0 2 2 3 0 2 5 0 1 7 7 0 6 2 5 0? 0  9 3  8  7 9 1 7 2 5 0 9 0 2 9 0 0 9 3 8 6 9 1 6 0 7 0 6 6 0 7 2 9 2 5 0 0 8 5 3 1? 3? 3 0 7 7 5
5 7 1 7 3 8 4 9 9 0 2 3 0 0 1 6 9 1  6 2 9 9 3 3 9 0  2 4 0  6 3 6 9 9 5 5  <CLEARTEXT IT leviata?> 3 7  8  9 0 1 5 7 1 7 4 8 7 2 3 5 3 6 9 0  8 4 7 1 2 2 0 0
3 6 9 0 1 3 7 1 6 5 1 0 6 7 0 3 7 0 0 9 6 8 7 4 0 6 2 0 3 6 9 0 1 5 7 1  6 6 8 9 0 6 9 9 3  8 4 6 4  8  <CLEARTEXT IT mi ancora? la gelona?>
<CLEARTEXT IT concepita ch'titinda? al>  7 3  8  6 9  9 2 3 6 6 0 2 5 9 4 9 5 8 5 6 7 3 1 6 5 4  8  4 9 9  <CLEARTEXT IT ch' <IL> mira di>
2? 0 2 4 0 0 2 7? 0 2 3 6 1 7 7 6 8 6 6 5 0  8 5 9 2 8 6 9 1  4 3 6  8 9 0 1 9 3 3 7 9 0 3 6  8 7 0 9 9 2 9  5 0  8  5? 2 3 5 3 6  2 0 2 2 9 0 0? 3 0 7?
7 2 7 3  8 1 2 9 7 1 9 4? 3 2  1 6 5 1 9 0 1 6 9 4 9 0 0 3  6 2 0 9 3  8?  0 2 2 3 0 2 5 0 1  6 9 2  3 9 9 0 6 9 2 2 0 9 3 8 3/2? 2 0 7 6 6 8 2 9? 3 8 6 9
2 5 3 6 2 0 0 6 2 5 7 7 0 9 9 2 0 7 3 6 4 4  <CLEARTEXT IT erraffatto? alieno? di>  0 6 9 0 2 9 5 0 3 6  8 9 7 1  5 7? 4? 3? 0? 7 2 9 0 0 5? 7 2 7 3 8 3 7 8? 8
9 0 5? 4 9 3 3 6 7 2 9 0  <CLEARTEXT IT ancor ch'? penti?>  9 6 1 8  4 7?  1 5 3  8 7 3 2  3 3 2 5 0 2 0 2 6 2 0  1 6 9 1  6 2 2 9  6 7 3 6 8 2 3 0 6 7 0 8 2 9 9
8 8  6 6  8  4 0 3 1 6 5 1  <CLEARTEXT IT mostra? alcun?>  7 3 5 8? 0 0 4 4 7 9 9 3  <CLEARTEXT IT e da più bande di? hanno <IL> ?>
<CLEARTEXT IT ch'ha più?>  6 9 4 9 2 0 3 6 2 0 3 6 6 5 8  3 0 9  <CLEARTEXT IT e mi vien detto per cosa puoi? cera? da?>  0 6  2 9 1 3 2 0 2 0 6 7 2
5 0 9 0 3 6 0 7 8/1? 4 7  1 5 5 0 0 1 4 4 0 2 6 3  6 6 5 0 2 0 3 6  8 3 2 0 7 3 6 5 0 2 3 2 2 0 7  2 9  3 3 0 9 2 9 2  6 0 0 8 5 2 8 5 0 9  8  5 2 4 4? 5 0 *
3 3  9  0  2 9 2 5 0 5 8 6 9 1  6 7 5  8  0  <CLEARTEXT IT parlano?>  1 6  9 7  8  5 2 1 2 5 3/5? 6 2 0 0 6  2 5 3? 7 9 0 9 2 0 7 3 6 4 4  <CLEARTEXT IT mi? propolico? che non>
<poteva?>  2 0  2 9 6 7 3 6  8 7 2 7 3 8  3? 7 5 8 5 7  4 7  1 2 3 0 0 3  6 9 0 2 4 0 9 8  2 9  0 7 7 5  8  7 4 2  8 7 7 6 8 6 6 5 0 1 7  2 3 5 3 6 5 1/0?  1 3
0 9 8 3 6 7 0 6 <CLEARTEXT IT z?> 2 9 5 0 8  <CLEARTEXT IT e di cindo?>  3 5 3 6  7 8? 8 6  2 5 7 7 0 9  9 2 0 7 3 6  4 4  8 4 7 1 3 2 5 0 5? 1 2 3 0 0 3 6 5 0 0 0 2  8  6 6 1 4 0 3?
3 6  9 0  2 2 6 6 5 0 3 2 0 7  8  6 9 7  8  9 7 1 3 2 0 7 7 4 4 6 2 0 1 5 3  1 2 3 0 7 1 6 9 0 2/7? 8 0 6 7 0 3 7 0 0  8  4 7 1 5 3 1 6 5 2 0  8  3 0 9  8 7 3 3
6 6 0 6 5 0  <CLEARTETX IT Vi è chi si persuade ch' non aspetti altro>  5 7 1 6 9 4 9 2 0 3 6 2 0 4 6 6 5 1 6 4 1  5 3   8 7 6 1 3 6 5 0 9 3
4 6 9 6 8 3 3  8 5 7 3? 8 1 5 6 1 1 2 9 3  8  0 0 6 7 7 7 0 7 8 6 9 1  2 3 4 4 0 7 3 6  2 6 9 0 7 7  2 4  9 0 3 6 9 9 5 5  8 6 9 3 6 9 0 9 3 3 6 8 5 6
2 3 0 6 7 0 8  2 0 2  8 4 4  2 0 6 0 7 0 3  6 5 0 2 5 5 0 6 5 7 7 0 7  8  7 6 1 7 6 7 8 9 0 1 0? 3 0 9  8  9 0 1  3 2 0 2 0 6  7 2 5 0 9 0 2/3? 6 1 6 9 1 6  2

#IMAGE NAME: 2512.png
#COMMENTS: Right side of photo partially cut
3 5/7? 0 0 1 7 3 0 1 6 5 1 5 2  0 7  2 3 3 2 0 0 8 7 4 0  8 0 7 5 7 2 0  8 2 3 0 6  2 0  <CLEARTEXT IT eranchi? perchi/perché?>  3  6  5/7? 0 2 2 0 7 3 6 2 5 0 5?  1 6 6 1  2 9 9 5?
6 0 9 2 0 1 1 2 5 5  1  5 6 7 3 8  6 6  5 0  2 4 9 0  3 6  2 0 2 5 9 4 9 5  8?  5 6 7 4  1 1 2 3 0 6  9 0 1  2 2 5 0  2 0  2 6  0 9 8  9 5 1 9 2 2 8  6 9 1 9 9 5 0 6 6 5 0 9?
3 6 2 3  8 6 7 1 2 2 3 6 9 0 6 5 6 9 4 4 0  1 6 9 1  5 7 4  <CLEARTEXT IT per l'impossibilità di sicugar?>  7 4 8  7 7 2  8 4 4 0 6 6 4 1 6 9 4 9 0?
4 6  2 0 9 3 8 3 0 9  <CLEARTEXT IT Diana? alla diurna? bontà ch'>  6 5  2 8 1 0 6 9 0 3 6 7 0 8 9 0 1 6 5 1 4 4  2 0 3 2 5 0 0 2 8 7 7 * *
0 4 6  0 2 3 2 3 6 9 0 2 3 3 2 5 0 1 7  5 5  8 7  2 7 3  8 6  5 5  8 7 9 1 7 7 7 3 8  9 9 7 5 3 6 5 0 2 0 1 5 6 1 5 9 0 1 6 9 1 5 5?
<CLEARTEXT IT Io non lascio? all'oceano?>  3 2 0 7 6 6  8  3 2 0  2 0 6  7 2 5 0 9 0  3 6  8  0 0? 3 2 9 0 2 9?  0 2 9 3 1 6 9 1  2 0  2 9 5 0  6 2 3 6 7 5 8 0?
9 9 9 4 0 6 2 0 3 6  8  7 7 5 8  9 7 3 2 6  6  9 7 5 2 0 2 5 9 4  2 9 5 0  <CLEARTEXT IT assicurando>  7 3 8  2 2 0? 2 3 5 9  7 6  2 9 0  1 6 9 2 3 2 2 0  7 6  5 2 5?
9 4 9 5 1 6 9 1 5 7 7  8? 0 6 9 0 3/2? 6  2 3 0 7 1 7 3  8  5 7 4  3 0 7 2 9 0 0  8 9 1 3 2  0 2  7? 3 0 0 1 6 9 1  7 7 4  8  5 9 2  8  <CLEARTEXT IT era far conoscere?>
<CLEARTEXT IT con ogni più convenienza? dimostrar?>  7 3 1  9 2 5 0 6 2  8  4 7 1 7 4 3 1 2 4 9 0 1 6 9?  1 0 6  2 9 1 2 5 7 2 8 2 0  2 7 9? 0 9?
7 0 1 8 8  5 6 7 7 1 3? 3 0 7 3 6 9 0 6 6 7 3  8  5 6 1 7 7 0 9 3 3  0 9 6 5 7 7 0 7  6 3 9 4  1 7 7 0 7 3 7 9 0 1 6 9 1  2 6 3  8  <CLEARTEXT IT <IL> mi>
<CLEARTEXT IT (com' mi pari <IL> <IL>) che da terreo? di>  6 6 9 0  5 0  1? 8? 5 3 8 9 7  2 5 5 0 7 7 0 7  <CLEARTEXT IT fu? detto a>  6 1 2 2 4 1 6 9
9 2 3 6 5 0 9 9 7 0 2 9 9 4  1 7 4 0 8  9 7 3  9 7 2 0 2 5 5 0 6 5 6 2 8 7 2 7 3 5? 6 5 5  <CLEARTEXT IT Eora sò in?>  3 3 7 9 0 0  8  5 9 3  <CLEARTEXT IT ha ten?>
<CLEARTEXT IT di pugno? pugno>  7 2  8 6 2 5 1 6 9 1 9 6 6  <CLEARTEXT IT Chegli annuivano? la>  9 9 3 6  2 0 2 9  1 9 9 3 6  2 0  2 5 5 0  2 0 8  7 4 4?
3 7  6 7 1 6 9 0 7 8 5 6  7 3  0  2 3 0 6  2 0  8 5 2 0 6 9 0 3 6  6 5 7 0 9 5 8 7 2 7 3?  8 6  5 5  8 5 9 7 3 8 7 6 7  8  5 6 1 7 3  8 9 9 3 6 2 0 2 5 5 0?
6 9 1 6 9 0 7  8  9 0 1  3 6  5 0 2 3 0 7  6 6  1/0? 6 2  5 5 0  6 5 6 2 8  6 9 8 0 6 5 0 0 4  9 0 3 6 0 9  8 0 9 1 7 7 0 7 3 6 5 0 3 6 0 9 8  <CLEARTEXT IT e la pragia?>
<CLEARTEXT IT fra dal?>  6 2 5  8  9 0 1 9 2 2  8  6 2 2 9 6 7  2 5 0 0 1 7 2 8  4  6 0 8  <CLEARTEXT IT Confido chi V.d? <IL> tipermada? che io non>
<CLEARTEXT IT abbia? tralasciato? di <IL> opportunam.? con quanta solleccitudine? e zelo li ha mi?>
<CLEARTEXT IT piegata fin da <IL> la summa? vigilanza? di S.? per la compagnia? delle <IL>>
<CLEARTEXT IT lenti? di Ischia?, e della fraternità/fruitianità? e dare ragioni? delle azioni? prudente? e guitigicar?>
<CLEARTEXT IT di ?>  2 2 0 2 7  6 2 5 0 5 3 2 0  7 7  3 3 6 7 5 5  1 3 2 5 0 3 6  3 2 0 0  1  7 3 8?  4 2 7  8  5 6 7 4 1  2 3 0 6 9 0 1  4 4  3 6 7 0 2 9  2?
<CLEARTEXT IT di <IL>>  2 2 0 2 7 6 2 5 0 5 3 2 0 7 7 3 3 6 1? 7 5 5 1 3 2 5 0 3 6 3 2 0 0 1 7 3 8 4 2 7 8 5 6 7 4 1 0 2 3 0 6 9 0 1 4 4 3 6 7 0 2 9  2
5 0 9 0 3 6 0 9  8  9 0 1 2 2 3  6 9 0  6 0 9 0 2 9 2 5 9 4 9 5 1 6 9 1 7 7 4  1  6 7 1 1 2 3 3 2  0 7  3 6 9 1 4 6 5 4?  9  0  8  7 9 8  9 7  2 3 0 6 6 6 2 5?
6 9 1 2 3  0 7  6 6 6 7  2 5  0  9 2 3 3 2 0 0  8  0 6 5 0 3 2 9  7 0 0  6? 9 0 1 6 3 0  0 6 7 2 9 0 4 6  0 7  8 7 7  8 2 2 5 0  6 0  6  <CLEARTEXT IT <IL>>
7 2 8 5 6 7 1 6 9 1 7 7 4  8  4 7 1 9 9 6  8  6 5 1 3 2 0 7 7 7 2 2 5 0  2 0  3 2 9 0  <CLEARTEXT IT tigri? fiear?>  6 3 8 9 7 1 7 7 5  8 0  2 3 6 9 9 0 7 1
<CLEARTEXT IT Ho parlato al Inpe? di Cerembergi?>  3 2 5 0 7 6 3 2 0 0 1 7 3  8 6 9 2 3  2 2  0 7 6 5 2 5 9 4 9 5 8 4 7 1  5 7 7 8  0 2 9?
2 9 2 3 0 0 1 6 9 1 7 4 3  8  3 3 0 9 1 7 3 5  8  4 0 7  8 4 7 1 6 7/5? 1 3 6 5 0 3 2 0 6 5 7 2 0 3 6 2 4/1? 2 9 9 6 1 5 9  8  4 6 3 8  <CLEARTEXT IT per mi?>
<CLEARTEXT IT fem? di Dio? e beneficio? del>  7 3 8 4 3 6 8 8  <CLEARTEXT IT S?.L. l'ha prendermi? apprinato? mi la <IL> >
<CLEARTEXT IT di aiutar giutoimrenio? preno? S. Mtà Lieorri?>  7 7  3 8  1 2 7 4 8  3 6 9 0 2 9 6 9 2 8? 0 9 1 3 3 0 9 1 7 3?
4 0 7  8  5 6 1  6 2 6  <CLEARTEXT IT che? maravigliato come ti ha <IL> di>  5 2 4 4 0 7 3 6 6 2 3 6 6 5  8  5? 7? 1 7 3 8