#CIPHERTEXT
#CATALOG NAME:BAV_Barb.lat_6960-8
#IMAGE NAME :2513.png - 2516.png
#TRANSCRIBER NAME: FK
#DATE OF TRANSCRIPTION: May 28 , 2020
#TRANSCRIPTION TIME :  105 + 80 + 45 + 130 + 60 + 110 + 30  =  9 h 20
#TRANSCRIPTION METHOD: Manual
#COMMENTS:  this transcription was difficult because the cleartext does resemble French at all and the writing style is very difficult to read. 


#IMAGE NAME: 2513.png 
#COMMENTS: 
47.
2 3 2 2 7 0 6 5 2 5 9 4 9 5 1 5 6 7 3 5 9 0 9 <CLEARTEXT IT et mignistop? mi Sappgromino? La hio anistonh ?. >
<CLEARTEXT IT  Non hebbi probem > 2 2 0 2 3 6 7 3 4 6 9 5 1 5 2 1 6 7 0 1 2 2 3 6 5 0 6 2 1 6 9 1 7 4 7 8 6 4 2 9 2 5 5 0 9 3 8 7 6 1 5 9 
<CLEARTEXT IT onde nioanmy > 6 7 0 8 9 0 1 9 3 3 6 2 9 2 9 0 0 9 3 8 3 5 4 4 0 6 7 0 3 6 5 0 1 7 2 7 4 8 3 2 0 0 5 0 9 0 5 3 3 0 7 0 6 9 0 8 
<CLEARTEXT IT  si trasserra ? qualeli biorniana. Mella leguina’ io muri a len S.Mti > 9 0 3 7 1 2 2 0 2 3 6 
7 4 3 6 7 0 8 6 8 9 1 7 7 5 8 5 4 4 1 8 <CLEARTEXT IT Ouanto al > 7 4 1 2 2 3 6 7 0 6 9 5 0 6 7 0 6 9 5 0 6 5 7 0 2 9 5 0 3 3 0 9 1 2 5 2 8 9 0 1 4 9 9 0 6 8 4 7 1 6 5 
3 6 5 0 3 2 0 6 5 7 2 0 3 6 2 0 3 9 9 6 8 9 0 1 0 6 9 0 4 6 7 0 8 4 7 1 7 6 1 9 6 0 1 8 6 9 2 8 5 9 2 8 6 3 1 6 9 4 9 2 0 3 6 7 0 8 4 7 1 6 7 0 5 5 3 
2 2 3 6 9 0 2 5 0 9 2 9 3 3 0 9 0 6 2 0 5 9 5 1 6 5 1 7 3 2 3 3 2 5 0 2 0 3 6 5 0 2 0 8 7 7 7 9 9 0 3 6 8 9 7 1 2 2 3 6 9 0 2 5 0 9 2 9 6 5 7 0 0 9 5 1 6 9 1 7 7 4 
4 7 1 6 3 1 4 4 0 6 8 3 3 7 9 9 3 8 <CLEARTEXT IT  comi lerim h. 7oli? Aprili eroe > 5 6 1 5 0 6 0 2 3 8 9 6 6 3 2 9 2 0 2 9 6 9 8 2 2 
3 6 7 0 1 1 2 2 3 6 4 0 6 2 8 0 6 5 0 3 2 9 0 <CLEARTEXT IT  li manienu? Cli neancli > 4 4 0 6 6 4 8 5 7 1 2 3 0 7 6 9 2 3 8 7 4 3 8 6 5 1 7 7 2 
9 5 1 4 4 0 6 6 4 3 6 5 0 1 6 7 8 6 7 7 7 2 3 6 7 0 6 0 5 0 9 2 5 0 0 6 6 5 0 1 2 3 0 7 9 9 7 9 5 0 8 3 3 0 9 6 5 3 3 0 9 3 6 2 0 3 5 5 0 1 6 7 8 
6 7 0 8  <CLEARTEXT IT minni > 5 3 8 6 4 9 9 0 6 5 0 6 4 3 6 0 7 8 7 4 1 2 2 3 6 7 0 0 6 5 0 7 2 9 5 0 8 7 3 3 8 6 9 1 2 0 7 6 3 2 9 1 1 2 5 5 1 
8 9 0 1 2 2 3 6 9 0 6 4 2 1 2 5 0 1 2 5 5 0 1 6 7 1 6 7 0 <CLEARTEXT IT e quisto? mipari Eauor?  Leniro a almim? Ei creduor cli ? >
<CLEARTEXT IT leusicrs ? Cilnd piama  clq ? cli Eingno i ma nonja cli  > 2 6 1 6 9 2 8 5 9 2 8 5 9 2 8 9 0 1 6 7 0 1 3 3 0 9 2 2 
7 0 2 9 9 9 2 0 9 6 8 7 3 1 2 2 3 6 9 0 2 5 0 9 2 9 6 5 7 0 9 5 8 4 7 1 7 2 8 7 7 9 0 3 6 5 6 5 0 9 3 8 2 3 2 2 9 0 6 4 8 9 0 1 2 6 9 0 7 5 8 
6 9 8 6 7 0 8 7 9 1 7 2 8 6 4 3 6 0 1 6 1 0 2 5 9 4 8 6 9 1 6 9 0 7 8 7 9 0 7 2 7 2 8 2 4 0 6 7 0 2 9 0 0 8 2 2 3 3 6 2 0 0 6 5 0 6 5 0 7 9 5 
6 9 1 4 9 91 6 4 8 9 0 1 9 5 7 <CLEARTEXT IT  nom nior clounoo? > 5 4 7 3 8 2 4 9 0 2 9 5 0 9 9 2 9 5 0 2 5 0 0 8 9 0 1 9 9 3 6 2 0 1 5 5 0 2 5 
0 6 6 9 9 5 8 5 6 2 3 8 9 0 9 8 4 7 1 7 4 1 3 3 1 0 2 5 0 9 6 4 4 9 0 6 4 8 3 6 9 0 9 2 9 0 0 7 8 2 2 3 6 7 0 0 6 5 0 9 2 9 0 8 9 5 1 2 3 
7 0 9 9 7 9 5 0 8 4 7 1 2 3 0 0 3 6 2 0 2 9 9 6 8 7 3 7 6 0 2 2 5 3 5 0 5 8 9 0 1 7 3 5 8 7 7 9 0 3 6 5 0 2 5 5 0 8 2 2 3 6 7 0 0 2 2 0 7 9 2 5 0
6 7 8 6 7 0 8 9 0 1 5 7 1 6 6 5 0 1 7 6 7 1 9 0 2 3 0 0 8 9 1 2 5 9 0 3 6 3 2 9 0 3 03 9 4 6 2 5 . <CLEARTEXT IT  Mi permado > 7 5 9 8 4 7 1 6 5 
3 6 9 0 2 9 3 3 0 9 4 6 2 0 2 9 9 6 8 3 2 0 0 2 2 0 2 3 2 5 0 8 5 6 2 3 8 5 2 0 6 9 0 9 0 5 0 9 2 9 2 6 2 0 8 4 7 1 7 3 8 9 0 9 8 9 9 
3 6 2 0 2 5 5 0 4 4 5 0 4 9 1 6 6 5 0 1 2 3 7 0 9 9 7 9 5 0 1 7 3 5 1 7 7 0 9 9 3 6 5 0 3 5 5 0 8 5 6 7 3 8 6 5 5 8 9 0 1 5 6 8 4 6 0 1 7 7 9 0 3 3 2 
9 0 6 5 7 7 0 7  <CLEARTEXT IT  com i lono? > 7 7 4 8 3 3 0 9 8 6 7 6 0 8 9 9 6 8 4 4 0 0 1 1 7 7 9 0 2 9 2 5 9 4 9 4 1 5 9 2 3 8 2 3 0 6 2 0  <CLEARTEXT IT  et >
<CLEARTEXT IT  2 1 nom  lasei aro ? mismm arhoporsunamien?. O uann algunncli Mmm veir ? >
<CLEARTEXT IT  ni hla Pia de 28 Aprili non  laprei eli dire senonede? > 9 2 0 2 2 9 2 5 9 0 1 6 6 8 0 0 3 2 9 0 2 9 
2 9 0 0 2 5 0 0 8 2 2 3 6 9 0 2 5 9 1 2 9 6 5 7 0 9 5 8 7 3 8 6 7 1 0 6 5 0 9 0 2 5 8 9 0 1 0 6 9 0 3 6 6 0 0 8 4 4 0 7 7 7 0 9 2 9 2 5 0 0 2 5 
2 0 1 6 7 8 7 7 4 8 4 7 1 3 2 0 2 6 6 8 7 2 9 0 2 6 7 0 8 5 6 8 7 6 0 8 2 3 5 7 2 0 9 6 8 9 4 0 1 2 2 3 6 7 0 0 6 5 0 9 2 5 0 8 9 2 
2 0 2 9 3 5 0 9 1 7 6 1 5 2 3 2 9 0 9 3 8 4 7 1 5 5 2 0 2 9 9 6 8 7 5 0 8 9 0 1 5 3 1 6 5 1 2 7 0 6 7 0 1 4 4 5 0 2 9 5 0 3 6 1 6 9 1 2 3 3 6 0 0 6 9
3 2 0 0 3 6 1 4 7 1 5 2 7 8 5 3 1 6 5 0 0 1 7 3 5 8 0 0 4 4 7 9 9 3 8 0 0 1 6 7 0 1 1 9 2 0 2 9 2 9 2 5 0 9 1 6 6 8 2 0 4 4 7 9 9 3 8 9 0 6 6


#IMAGE NAME :2514.png 
#COMMENTS: difficult transcription due to the handwriting style and the unclear boundaries( the characters at the ends of the lines are interromp )
3 2 3 6 9 0 6 9 9 3 1 4 5 1 5 5 2 0 2 9 9 6 1 3 7 8 7 2 9 0 6 2 2 9 5 0 1 7 2 6 6 5 0 1 4 6 0 8 7 5 6 1 9 7 1 5 2 3 2 0 7 3 6 2 3 0 7 1 5 6 1 5 7 1 ?
9 0 1 6 9 1 6 6 3 8 9 0  <CLEARTEXT IT tanos? Maygiomn?  R´ > 7 2 8 4 6 0 8 2 2 3 6 9 0 6 4 2 9 3 5 9 0  <CLEARTEXT IT m concorro? de sensi esauio? >
0 6 0 6 6 1 7 6 7 8 2 4 0 0 9 2 9 0 3 6 2 0 8 5 7 1 5 2 3 3 9 0 2 9 0 2 3 6 8 7 7 4 8 5 6 1 5 2 7 8 7 6 1 3 2 3 6 9 0 3 3 0 9 3 6 6 5 1 5 2 3 ?
3 6 2 0 4 6 5 0 0 9 1 0 0 1 6 4 2 9 6 5 1 5 6 1 4 6 0 <CLEARTEXT IT fo sardi di pareri cli per quist ouas. > 5 3 8 6 5 1 6 9 2 3 9 9 0 5 
9 2 2 0 6 4 1 6 6 8 4 6 8 4 6 0 8 9 5 1 3 7 1 6 5 1 1 3 3 0 9 6 4 1 6 2 3 5 9 0 4 6 5 2 0 1 6  9 1 3 3 1 7 3 7 9 0 2 9 2 6 2 0 8 5 6 2 8 4 7 1 0 7 1 1 0 ?
8 2 2 3 6 9 0 2 5 9 0 2 9 3 3 0 9 2 9 3 5 0 5 1 6 9 1 4 4 2 0 3 2 9 0 6 4 8 9 7 6 5 2 9 0 6 2 0 3 6 9 0 8 4 7 1 5 7 1 4 4 0 0 3 2 7 6 5 0 2 5 0
4 6 1 7 4 1 7 5 3 6 7 0 8 8 2 2 3 6 9 0 2 5 9 0 2 9 6 5 7 0 2 9 5 1 5 2 2 3 6 6 3 6 2 0 6 4 4 6 0 7 8 0 6 2 9 0 01 1 3 6 2 0 3 3 2 1 
6 2 2 9 6 7 2 5 9 4 9 5 8 7 2 7 7  9 0 9 6 8 4 3 9 1 6 7 1 6 7 0 8 0 7 1 5 7 1 4 9 7 8 0 7 1 5 7 1 7 7 0 9 2 6 7 0 1 5 6 1 2 2 9 8 6 5 
3 2 0 7 9 2 0 0 8 0 7 1 5 7 1 1 7 7 9 0 2 6 7 0 8 5 6 1 5 4 9 8 6 5 2 8 2 7 2 0 8 <CLEARTEXT IT ilcli adogmmo Sara ? > 4 4 2 1 3 2 7 6 5 0 6 
7 7 0 7 8 0 7 2 9 9 0 9 5 3 6 0 9 8 9 0 1 6 7 1 7 5 3 6 7 0 8 5 3 1 2 3 0 0 3 6 2 0 8 9 0 5 0 6 0 6 9 3 2 0 0 9 3 8 6 9 4 4 5 0 3 2 2 6 9 9 0 8 
2 5 5 0 1 7 6 1 6 4 9 9 2 9 0 3 6 1 7 4 8 2 3 0 6 2 2 6 6 5 0 4 7 <CLEARTEXT IT  tantocli si ronyu? > 7 4 3 8 2 3 0 0 5 7 8 2 7 0 0 8 
6 4 2 9 2 5 5 0 3 6 1 6 4 1 6 7 0 1 5 5 2 0 0 6 9 0 6 6 4 1 7 6 4 8 6 4 8 6 4 2 9 2 3 6 7 8 2 2 0 2 3 6 2 5 5 0 2 0 7 7 3 3 6 9 0 8 0 7 1 3 5 ?
5 0 3 6 3 2 0 0  8 2 7 1 5 7 2 3 0 7 2 9 0 0 8 0 7 1 3 2 5 0 3 6 3 2 0 0 1 7 3 1 1 2 2 3 6 2 0 06 5 0 6 5 0 7 9 5 8 47 1 6 5 1 3 3 0 7 6 2 
2 9 6 7 8 1 7 6 1 4 7 1 1 2 2 3 6 7 0 3 2 0 6 3 6 2 1 4 6 9 0 5 0 1 7 4 3 8 6 9 1 7 7 0 7 3 3 0 7 8 4 7 1 5 3 8 3 6 9 0 9 2 0 0 6 4 8
5 0 7 7 2 2 0 9 9 9 2 9 2 0 9 3 8 7 6 1 9 6 7 7 9 0 8 3 3 0 9 8 2 2 0 0 3 3 3 6 7 0 2 9 5 0 8 1 5 7 4 7 8 2 2 0 2 3 6 2 3 3 6 9 9 5 1 
2 3 7 8 6 4 1 4 4 0 6 6 3 1 3 6 5 0 3 2 9 0 3 6 4 2 0 0 9 3 1 2 7 1 2 8 6 7 1 7 6 9 8 2 0 6 3 2 2 0 7 8 6 9 1 3 6 2 0 3 2 0 7 6 2 7 ?
6 2 3 6 1 7 2 4 8 2 5 7 2 9 0 8 3 2 0 7 9 2 0 0 8 5 7 1 7 4 7 8 9 7 4 4 0 7 3 6 6 2 3 5 9 4 9 5 8 5 6 7 4 1 2 7 2 2 5 0 2 5 0 0 8 6 ?
6 6 6 0 5 0 8 9 0 1 5 6 1 2 5 7 8 7 0 1 6 9 9 9 2 9 5 0 2 5 0 0 1 4 7 1 3 6 5 0 3 2 9 0  3 6 3 2 0 0 8 1 9 0 1 7 7 2 8 6 6 5 0 1 3 5 3 6 
0 6 2 0 6 5 8 2 3 5 8 6 9 2 3 2 3 0 2 9 2 5 0 8 6 9 3 6 9 0 5 0 8 2 2 0 7 5 0 8 4 7 1 4 4 0 6 6 4 1 9 2 2 1 2 2 3 6 7 0 0 6 5 0 9 2 8 5 
6 6 8 9 7 4 4 0 7 3 3 6 6 2 3 5 4 4 9 5 8 1 6 6 7 2 5 0 0 1 6 7 6 6 9 0 8 4 7 1 6 7 1 2 3 0 7 9 9 7 9 9  3 8 4 4 0 6 6 4 8 9 9 3
2 0 9 3 8 0 0 1 6 7 0 8 9 0 1 7 7 2 8 2 5 3 6 7 0 6 0 2 0 6  5 1 0 7 2 2 0 7 6 5 2 5 9 4 9 5 8 9 0 1 6 9 4 4  5 0 3 2 0 0 7 6 6 3 5 0 0 8 0 0 6 0 5 0 2 3 0
9 3 3 0 7 9 5 8 9 4 1 1 3 2 0 7 9 2 0 0  8 6 4 1 2 2 0 2 3 6 9 0 6 4 1 7 3 5 8 5 3 1 1 2 2 3 6 7 0 0 6 9 0 3 3 0 9 3 6 7 5 8 2 2 0 7 3 5 3 6 9 0 5 
2 2 5 0 3 7 2 0 3 6 1 5 6 7 1 6 9 1 1 3 6 2 0 2 2 3 6 9 0 6 4 2 9 2 2 5 0 0 3 6 1 2 7 0 0 6 7 3 8 9 2 5 0 6 2 8 4 7 1 5 7 7 8 4 4 0 0 8 5 6 1 9 9 
9 2 0 7 8 6 9 1 6 7 0 8 9 0 1 6 4 1 5 3 8 0 7 9 2 0 2 3 9 2 5 9 0 1 3 3 7 9 9 0 8 0 7 2 2 7 0 6 5 2 5 9 4 2 9 5 0 1 2 2 0 2 3 6 9 0 6 4 1 7 3 5 1 
2 2 3 6 7 0 0  6 9 0 3 3 0 9 3 6 7 5 8 2 2 0 7 3 5 3 6 9 0 5 0 1 6 9 4 6 0 9 8 4 7 1 5 2 8 7 5 3 8 6 9 2 3 9 9 0 6 9 2 0 7 8 6 9 1 5 7 7 8 1
6 9 1 9 9 6 6 1 6 6 8 0 2 0 6 5 0 2 3 0 7 8  6 3 7 0 8 9 0 1 9 2 2 8 2 9 0 1 9 2 2 8 2 2 5 0 0 6 1 2 5 0 2 3 6 3 3 0 5 8 4  1 7 3 8 3 7 6 8 6 9 1 7 7 4 8 5 5 
7 0 7 7 0 7 8 <CLEARTEXT IT il qualitanoi griormi? prima Eaoien? ger i lirama? yocura to? > 3 3 7 9 2 0 8 2 2 3 6 ?








#IMAGE NAME: 2515.png 
#COMMENTS:  
4 8
0 6 5 0 6 5 7 0 9 4 1 9 5 1 5 5 2 0 0 9 0 6 0 2 2 0 8 0 7 2 5 9 0 2 9 0 6 9 3 8 5 3 8 9 9 3 6 2 0 2 5 5 0 2 0 8 <CLEARTEXT IT Ouanrogoi al >
<CLEARTEXT IT mod > 0 7 0 1 3 5 0 5 9 3 7 5 1 5 6 7 4 1 1 2 2 3 6 2 0 0 6 5 0 6 5 0 7 2 9 5 0 1 9 0 2 3 2 2 3 6 5 0 7 7 9 0 3 6 8 4 7 1 6 6 5 0 1 1 5 7 8 6 5 
2 2 3 6 7 0 0 6 9 0 6 7 2 9 0 7 0 0 6 9 0 6 7 2 9 0 1 0 8 7 3 2 8 0 6 2 0 3 2 0 2 2 9 2 5 5 0 8 2 2 3 6 7 0 2 2 2 5 9 0 3 6 1 5 5 0 9 3 6 0 9 6 5 7 7 
<CLEARTEXT IT sebeni? liporomi losbineri ?eneliSeiondi  il >  2 5 9 0 9 6 3 6 1 3 3 0 9 8 3 2 0 7 7 7 2 7 0 2 2 0 0 2 5 0 2 2 3 5 5 0 8 5 6 2 3 
6 0 5 8 6 9 1 6 5 4 8 2 5 9 1 6 5 1 2 2 0 7 3 5 3 6 5 0 2 0 9 6 8 9 7 5 2 3 5 3 6 2 0 3 6 1 6 6 5 0 1 5 7 5 0 3 2 7 0 6 6 5 0 1 9 0 1 5 2 
2 5 9 7 9 9 0 9 2 9 2 6 0 9 1 9 3 3 2 0 2 3 5 0 9 8 6 7 8 9 9 6 1 6 4 2 9 2 6 0 0 8 9 5 3 2 9 0 6 5 2 5 0 0 8 2 2 0 7 5 0 1 4 3 2 3 6 7 1 0 6 9 0 3 3 0 9  
3 6 9 0 5 0 1 4 7 1 6 4 2 2 9 2 6 0 0 8 2 3 2 2 9 0 3 3 2 5 0 4 4 5 1 3 2 0 0 3 6 8 7 6 1 2 5 5 0 9 3 7 5 1 5 5 6 7 3 1 0 6 6 2 0 3 2 0 0 2 3 5 
9 4 9 5 8 2 4 2 0 9 2 0 2 6 4 4 1 7 6 1 6 9 3 6 0 9 8 4 7 1 9 7 1 2 5 3 6 2 8 2 3 7 8  6 9 9 9 2 9 5 0 2 0 5 0 0 8 6 5 1 3 5 3 6 7 0 6 0
5 0 1 7 2 8 2 2 3 6 9 0 6 4 2 9 2 5 0 9 8 0 6 2 0 3 0 2 9 3 5 1 9 8 9 0 1 6 4 5 2 3 3 0 7 1 7 3 8 6 9 3 3 2 2 0 7 6 5 2 5 9 4 
9 5 1 3 3 3 0 9 8 2 3 0 0 3 2 3 6 5 0 8 3 2 0 2 9 6 3 9 5 0 8 9 1 3 3 0 9 1 5 2 3 2 0 7 3 6 6 7 2 5 1 5 8 5 2 8 7 3 1 2 9 0 0 2 5 9 4 5
9 5 8 9 9 0 9 5 6 6 2 2 9 9 5 0 3 2 0 0 8 7 3 1 3 2 0 7 6 6 7 3 2 5 9 4 9 5 8 0 9 1 2 2 3 6 2 0 0 6 5 0 6 5 0 6 5 7 0 9 5 8 6 9 1 9 9 0 2 3 0 7
2 3 2 2 7 9 5 0 1 6 9 1 2 2 3 6 9 0 6 4 2 9 2 5 0 9 8 7 2 7 3 8 2 3 0 9 3 3 0 8 2 0 2 2 7 0 9 2 7 0 6 6 5 0 3 2 0 0  8 8 8 7 6 1 6 9 2 
6 9 1 3 3 0 0 7 2 9 0 0 8 7 2 1 7 6 7 8 4 4 0 9 3 2 5 0 1 2 3 0 0  5 7 1 6 6 8 5 6 9 <CLEARTEXT IT  che  > 5 5 2 2 0 0 6 9  0 1 6 7 1 1 6 9 1 3 6 0 2 
3 2 0 7 6 2 1 3 9  6 7 3 6 9 0 1 7 3 8 5 7 2 3 0 7 2 9 0 0 8 9 0 1 3 2 0 0 2 3  1 1 8 2 3 0 6 2 1 8 0 1 1 6 7 0 8 6 3 1 5 5 5 0 0 1 7 4 4 
2 3 0 0 5 5 7  9 0 8 4 7 1 3 3  0 9 6 5 3 3 0 9 3 6 0 0  3 6 5 0 2 0 1 4 6 7 0 8 9 7 1 3 6 5 9 9 0 6 2 0 3 6 3 7 0 7 1 6 9 1 8 5 3 8 9 1 
7 4 6 8 6 4 3 6 6 0 5 0 0 2 5 5 0 4 0 1 7 4 4 8 3 5 8 5 9 7 4 8 2 2 0 0 2 3 0 2 3 5 9 0 8 3 5 0 6 3 6 2 4 1 7 7 4 2 9 2 6 9 0 1 6 6 3 1 
4 4 0 0 3 2 9 0 6 4 8 9 9 3 6 2 0 2 5 5 1 2 0 8 4 7 1 2 2 0 7 3 5 9 0 6 4 1 3 6 5 0 4 3 3 2 0 2 3 5 0 0 3 6 8 3 3 0 6 9 0 8 3 5 9 0 2 6
4 6 9 0 8 9 7 1 6 9 3 8 4 7 1 7 3 8 3 2 5 0 2 5 0 0 1 6 9 1 0 6 3 6 2 0 2 5 5 0 0 3 7 3 0 6 5 2 0 8 2 5 5 0 9 0 9 5 8 9 7 1 2 2 
9 0 9 9 9 6 8 6 7 1 6 7 0 8 9 0 1 4 7 1 2 3 0 7 2 2 3 6 2 0 1 6 9 1 9  0 6 4 8 3 7 1 3 3 0 9 6 4 1 3 5 5 0 9 3 7 5 0 6 9 1 5 9 2 8 <CLEARTEXT IT prima >
<CLEARTEXT IT di garla?  > 9 5 8 5 2 1 6 7 0 8 5 5 0 7 1 9 2 5 0 6 2 9 3 9 0 2 3 2 2 9 6 6 9 9 0 2 9 3 1 9 0 8 7 7 7 2 5 5 0 6 0 2 0 3 6 9 5 1 5 2 
4 4 5 0 3 3 9 0 2 9 3 5  0 9 1 7 5 5 8 7 2 8 6 9 2 8 5 9 2 8 7 3 7 8 5 7 1 5 2 6 5 3 7 0 7 <CLEARTEXT IT ed  ien d? Cli lo olomanula ? >
3 6 7 0 8 7 7 2 1 3 2 3 6 9 0 6 7 8 4 7 1 6 7 0 1 2 2 0 7 2 3 0 0 8 5 4 7 8 7 6 1 9 9 0 6 9 2 0 1 6 9 1 9 3 6 2 0 3 5 5 0 4 4 
5 0 3 2 0 2 3 6 9 0 8 7 9 8 0 7 2 2 4 6 6 5 0 9 9 2 0 4 6 0 9 1 5 7 7 1 9 0 1 9 5 9 6 9 2 3 6 1 7 6 6 9 2 1 6 9 1 7 7 4 7 8 2 8 3 6 9 7 5 2 
3 5 3 6 7 0 1 5 6 1 2 0 7 7 0 7 3 6 0 9 0 6 7 0 7 4 8 0 6 7 0 7 5 2 9 2 5 0 0 1 6 9 1 6 7 0 8 0 6 0 9 3 6 2 3 0 7 1 7 3 3 8 5 7 7 8 9 0 1 6 9 
0 6 9 0 3 3 0 1 3 6 8 5 5 0 7 9 6 3 6 2 1 3 5 0 0 1 7 3 1 2 3 0 6 2 0 8 9 7 2 5 9 0 3 6 3 2 9 0 6 5 7 0 9 5 8 1 1 7 2 3 5 3 6 5 0 1 7 5 5 8 6 6 3 
2 3 3 2 0 6 1 3 0 0 4 6 9 0 5 0 8 3 2 0 7 7 6 6 1 6 9 2 2 8 6 9 1 1 3 3 0 7 2 9 0 0 8  <CLEARTEXT IT ger nondar  occar  ve ? > 3 3 8 9 7 3 5 9 0 2 2 
5 0 6 9 3 6 6 5 1 7 3 8 2 9 0 6 7 0 2 9 0 0 8 3 2 0 7 3 6 5 0 2 3 2 2 0 7 7 2 9 3 3 0 9 2 9 6 2 6 0 0 8 3 3 1 0 0  4 4  7 9 9 3 1 4 7 








#IMAGE NAME: 2516.png 
#COMMENTS:  
3 3 7 0 0 2 4 5 0 2 0 7 7 0 0 7 8 2 2 3 6 7 0 3 2 0 6 4 6 2 0 3 6 1 6 9 1 0 2 3 2 9 0 2 6 9 0 9 3 3 2 9 0 8 4 4 3 6 2 0 8 6 7 0 8 9 0 1 5 
8 8 7 6 1 6 9  2 8 6 3 1 1 3 6 5 0 2 3 2 2 0 0 7 6 4 <CLEARTEXT IT che da molro? Hempo mi? quia? > 7 6 1 6 9 9 2 9 6 9 1 3 3 0 7 2 9 9 0 0
4 4 0 0  3 2 9 0 6 0 2 0 8 8 7 7 5 1 9 7 9 2 2 0 2 9 2 6 0 0 8 4 7 1 7 6 1 2 2 8 7 3 7 7 9 0 2 6 6 2 2 9 8 5 5 2 0 0 6 0 9 0 4 2 0 8 0 7
<CLEARTEXT IT cuismiesm? > 9 7  3 5 9 0 3 6 3 2 9 0 3 2 9 0 3 3 0 6 9 3 8 5 7 16 6 0 6 5 0 8 6 2 8 9 7 4 4 3 6 0 6 2 5 0 6 1 0 1 3 0 0 1 7 5 5  <CLEARTEXT IT e cli ? > 
 6 7 0 8 6 9 1 9 0 3 6 2  1 6 9 4 9 2  0 3 6 2 0 9 3 8 5 3 1 0 6 7 0 7 4 3 6 1 7 4 3 8 7 2 3 53 6 5 0 1 5 9 2 8 6 2 8 6 2 8 5 2 1 7 7 6 8 7 7 5 1 
6 9 6 4 8 4 4 7 1 9 4 1 1 1 2 2 0 7 2 5 9 0 0 6 7 0 8 2 2 0 2 4 3 0 2 3 6 8 6 6 8 5 7 2 8 4 7 1 2 6 1 6 9 0 1 6 9 1 3 3 0 7 2 9 0 0 
3 6 2 0 8 0 6 2 9 8 3 2 0 2 0 6 7 2 5 0 9 0 4 6 7 0 1 7 5 3 8 7 3 5 1 7 7 9 0 3 6 5 0 9 3 1 6 9 1 6 7 0 8 9 0 1 5 6 2 3 8 6 5 5 8 4 7 1 ?
9 7 3 5 9 0 3 6 3 2 9 0 6 5 0 2 9 5 1 6 9 1 6 7 7 1 3 3 0 0 3 6 5 0 2 0 8 6 4 7 7 2 3 6 9 0 1 6 9 1 7 4 6 8 4 4 3 6 0 6 9 3 2 2 9 0?
0 7 8 1 1 5 3 1 2 3 0 0 5 7 8 7 7 4 8 4 7 1 7 4 3 8 2 4 9 0 1 6 7 0 8 4 7 1 9 0 3 7 8 5 7 1 7 3 8 2 2 0 2 3 6 2 5 0 9 8 4 7 1 7
9 3 3 2 0 0 6 4 8 6 4 3 6 0 6 5 0 3 6 5 0 2 0 1 6? 7 7 8 7 9 1 0 2 5 0 6 0 2 5 0 0 3 6 2 5 0 2 0 1 7 6 1 6 9 2 8 6 9 1 3 3 0 7  2 1 
<CLEARTEXT IT Siche esn gu ostiaperouva > 6 1 3  3 6 5 0 2 3 0 7 6 6 0 6 9 0 3 6 0 7 8 6 9 1 2 2 0 2 3 6 2 3 3 6 9 5 8 0 0 1 6 7 1 ?
5 2 1 7 3 1 2 2 3 6 5 0 6 2 8 5 6 7 8 8 8 3 2 5 0 3 6 4 2 0 0 8 7 6 1 2 2 0 2 3 6 2 5 5 0 3 2 0 7 1 3 3 6 8 5 6 1 1 2 4 7 2 6 7 4 9 9 6 
<CLEARTEXT IT aspressavi Toromi?  en à  l s Mma pareva li lanmini di / na non Es cliajgmsi?gen  al ? >
<CLEARTEXT IT Serisso? Esn alsre se non cli  > 3 3 0 6 9 0 1 9 9 9 4 3 6 2 9 5 0 1 2 3 0 7 9 6 1 6 3 1 6 9 6 4 1 5 4 0 8 3 5 8 9 2 2 1 2 3
3 6 5 0 9 3 8 6 9 1 3 2 0 7 9 2 2 0 0 8 5 3 1 2 3 7 0 8 6 4 1 5 0 7 7 9 0 6 9 2 0 2 5 0 0 1 7 5 5 8 5 4 7 3 8 4 3 0 0 3 2 3 6 9 0 1 3 5 3 
6 7 8 7 2 3 5 3 6 5 0 8 7 3 7 8 6 4 2 9 9 2 1 6 9 1 7 7 4 1 1 4 7 1 2 0 2 7 0 4 9 2 9 0 4 6 5 0 2 0? 1 7 4 6 1 9 9 7 5 3 6 1 0 2 0 1 6 4 1 1 0 
5 9 0 9 5 6 4 1 7 3 1 2 3 0 7 6 9 2 3 4 4 2 0 3 5 9 4 9 5 8 4 7 1 5 2 0 6 5 0 0 9 9 5 8 9 7 1 7 7 5 8 5 2 1 6 6 8 4 7 1 6 7 7 8 3 6
2 3 0 7 9 9 5 0 0 6 2 9 6 4 8 7 7 5 8 9 9 7 5 3 6 5 0 2 1 1 6 3 1 1 5 2 3 5 0 9 2 9 9 3 8 4 7 1 6 6 1 1 2 0 2 5 5 0 9 2 5 0 1?
3 5 3 8 9 0 1 5 7 7 8 3 6 6 8 9 4 1 5 3 1 2 3 0 7 9 6 8 9 7 1 9 2 2 1 6 9 1 3 6 7 0 7 7 5 7 8 5 2 1 6 6 8 4 6 0 > Ere amari cli > 6
5 5 0 2 2 4 5 0 2 0 8 7 4 4 7 1 6 9 3 6 0 9 1 5 4 1 5 9 5 8 4 7 1 6 4 1 73 5 1 6 7 0 8 5 3 1 1 0 6 7 0 3 7 2 0 8 4 7 1 6 5 8 0 6 6 5 1 6 7
2 2 0 3 6 6 9 2 9 7 2 5 0 1 2 4 7 2 6 7 4 9 9 6 8 9 7 1 2 3 0 6 2 0 8 2 2 3 6 9 0 6 4 2 9 2 6 2 0 8 5 6 6 8 2 3 0 2 8 4 7 1 5 3 1 
5 7 7 7 0 9 9 3 9 6 8 9 5 1 9 2 5 8 9 5 1 4 2 2 8 4 7 1 2 3 0 7 9 6 8 6 3 5 8 0 9 1 5 3 8 4 6 0 8 1 7 5 9 1 5 3 1 9 0 1 9 2 2 8 2 3 0
5 6 9 8 9 5 1 0 6 7 0 7 7 5 2 9 3 5 0 0 8 4 7 1 7 7 5 0 5 1 1 4 4 2 0 3 2 9 0 6 4 8 5 1 7 7 0 7 3 3 0 7 8 4 7 1 6 5 1 9 0 4 6 2 0 8 7 4 4 ?
2 0 2  9 2 6 5 0 1 9 5 1 5 5 2 0 6 0 9 0 0 4 2 0 8 3 6 5 0 3 2 9 0 0 6 9 3 8 7 5 3 1 6 9 2 3 9 9 0 6 9 2 0 1 8 8 4 7 1 6 7 7 8 5 
3 2 5 0 1 2 2 0 7 2 5 9 0 0 6 2 0 1 3 6 5 0 7 7 9 0 6 9 0 6 9 0 2 3 6 0 9 8 6 2 8 4 7 1 5 7 7 1 2 2 0 7 2 5 9 0 0 4 2 0 1 7 4 3 8 7 5 8 5 
3 3 0 6 9 0 1 2 2  0 2 3 6 7 0 7 4 1 6 4 1 7 7 2 8 6 6 8 4 6 0 1 1 3 7 1 4 4  2 0 3 2 9 0 6 4 1 7 4 3 8 9 7 9  2 2 0 2 9 2 6 2 0 8
5 6 7 1 6 9 1 2 2 3 6 7 0 7 7 7 0 7 7 5  9 7 9 5 1 3 3 0 9 5 1 3 3 0 9 1 2 6 7 <CLEARTEXT IT rugonde > 6 4 1 4 7 3 3 9 0 6 5 3 3 9 0 4 6 2 0 8 5 2 2 




2 3