#CIPHERTEXT
#CATALOGUE NAME: BAV_Barb.lat_6960-16
#IMAGE NAME: 2533.png - 2534.png
#TRANSCRIBER NAME: RP
#DATE OF TRANSCRIPTION: April 2, 2020
#TRANSCRIPTION TIME: 222 min = 3h42
#TRANSCRIPTION METHOD: Manual
#COMMENTS:

#IMAGE NAME: 2533.png
<CLEARTEXT IT Vienna 25. * Agosto>
<CLEARTEXT IT 1629/>
<CLEARTEXT IT All'Altissimo? sig. Card. Promi?.>
<CLEARTEXT IT C 76.>
<CLEARTEXT IT Avanti ieri mi conferì? il P. Magno di aver fatto un'altra scrittura?>
2 0 6 0 2 0 2 5? 8? 5 5 0 5 9 0 3 6 5 0 1 6 3 8? 5/1? 2 4 4 9 0 3 6 5 0 8 1/7? 6? 0? 2 2 8 6 2 9 9 9 6 8 6 9 1 7 4 7 8 7? 4 4 8 0 6 2 9 8 7 2 3 5 3 6 2 0 8 2 3 3 2 3 6 5 0 2 5 0 6 4 6 0 0
9 7 1 6 2 3 5 9 0? 4 6 5 0 2 0 8 5 6 1 5 4 4 8? 5 6 7 3 8 3 2 0 0 3 6 7 1? 6 6 9 7 0 0 8 5 7 1 6 7 3 6 8 0 0 1 6 7 ? <CLEARTEXT IT quanto prima, ma?> 5 3/5? 1 0 6 7/2? 0 7 4 3 6 7 7/2? 9 0 7/3? 3
7 7 0 7 9 2 3 6 2 0 4 6 9 0 8 5 7 1 1 2 2 0 7 2 5 9 0 3 6 1 6 9 4 6 8 5 2 0? 0 6 9 0 3 6 5 0? 2 5 0 0 0 4 7 ? 9? 4 <CLEARTEXT IT l'havessi> 0 6 9 0 6 3 3 0 6 2 5 0 0 8 5 7 1 5 3 1 5 0
7 7 2 2 9 0 9 9 2 9 0 0 3 6 6 3? 0 6 5 0 8 3 3 0 9 2 9 2 5 3 6 7 0 <CLEARTEXT IT enondo? senza comparar.^ne? molto più> 5 2 3 5 0 1? 6 2 0 8 2 2 8 2 2 1 1 4 4 0
5 6 ? 3 8 2? 2 3 6 5 0 6 2 <CLEARTEXT IT dichiarandomi fra li altri motivi p**li per> 6 7 3 6 3/7? 3 8 0 6 9 8/6? 8 ? 4 0 1 1 5 7/2? 1 2 0 2 9 2 5 5 0 3 2 5 0
2 2 2 0 3 6 8 7 7 0 8 5 6 9 <CLEARTEXT IT che partisse/potesse?> 3 6 0 9? 8 2 3 2 2 3? 0 3 2 0 0 4 6 8 6 9 1 3 2 0 7 9 2 0 0 8 5 7? 1 1 7 4 0? 6 2 0 3 6 3 7 6? 7 6 1 5 4 4 8 ? 4 7 4 8 6 2 2 9
5 0 8 8 9 7 3 3 0? 6 6 5 8 1/7? 6 1? 2 2 0 0 3 3 3 6 9 0 8 0 0 1 3 2 0 7 7 7 0 6 2 9 5 0 3 2 0 0 2/3? 6 6 3 0 7 3 1 2 3 0 7 9 2 2 0 2 9 2 6 2 0 1 6 9 1 3 3 7 9 2 5 0 0 8 4 3 3 2
3 6 5 0 2 5 0 6 3 6 2 0 <CLEARTEXT IT dicendo> 7 4 8 4 7 1 1 5 3 1 5 7 1 1 7 7/2? 5 ? ? 6 9 ? 9 2 9 0 3 6 0 9 2 4 0 9 8 5 0 7 7 2 2 9 0 6 9 9 3 8 6 9 1 ? 4 4 5 0 3 6 6 2 3 6
4 7 1 9 4 8 5 3 1 <CLEARTEXT IT havevo> 8 0 6 9 0 3 3 0 6 2 5 0 0 <CLEARTEXT IT e conoscendo chiaramente che?> 6 7 0 8 6 4 9 5 8 2 3 0 0 4 6 5 0 2 0 8 0 7 4
4 9 0 2 3 0 0 8 9 9 3 6 2 0 0 6 9 0 8 7 5 5 ? 9 7 1 1 2 2 3 6 9 0 9 9 5 0 6 0 6 9 7? 5 9 4 8 5 3 1 2 ? ? 7 3 5 8 5 6 7 3 8 5 7 2 3 0 7 2 9 0 0 2/1? 6 9 1 6 6 0 6 5? 0 1 1
6 2 8 5 6 1 1 5 4 4 8 7? 7 9 0 3 3 0 9 6 5 7 7 0? 7? <CLEARTEXT IT e delle? altre? che? sono?> 2 0 1 2 2 9 0 2 3 0 7 8 2 3 0 6 7 0 8 2 2 3 6 0 7 3 2 0 6 3 6 2 0
5 0 8 5 7 2 3 0 6 2 0 3 3 0 9 7? 6 6 6 5 0 8 4 ? 1 ? 2 2 0 2 3 6 2 5 0 0 6 4 8 0 0 0 6 2 0 2 9 3 5 5 0 8 <CLEARTEXT IT  almeno> 0 7 2 5 9 3 8 0 7 1 6 9 9 0 3 2 5 0
9 9 9 4 2 6 2 9 5 0? 8 5 9 1 7 6 7 1 1 2 5 0 9 7 7 2 2 0 7? <CLEARTEXT IT era certo non poter? venir> 3 6 5 0 2 3 2 2? 0 7 9 2 0 0 8 0 7? 1 0 6 9 0 3 6 8 5
6 9 8 6 9 1 3 2 0 7 9 2 0 0 8 6 9 1 3 2 0 7 2 3 0 0 8 4 3 3 2 3 6 5? 0 3 5 0 0 <CLEARTEXT IT dopo? ch'egli> 6 9 9 0 3 3 0 9 8 7 3 1? 2 2 3 6 5 0 6 2? 8? 2 3 3 2 3 6 5 1 2 9?
0 6 4 6 0 0 8 0 0 1 6 7 0 <CLEARTEXT IT e vedesse? tra tanto quel che> 7 3 8 3 3 9 0 2 5 0 0 8 4 3 3 2 9 6 5 0 2 5 0? 6 4 6 2 0 8 9 ? ? 2 3 8 0 6 5 0 0 6 2 0
0 6 7 0 3 2 9 0 8 6 9 1? 6 6 0 6 5 0 8 2 2 7 0 2 5 9 0 6 4 8? 2/7? 0 5 7 0 0 4 6 9 0 8 3/5? 2 1 6 7 0 8 9 0 1 5 7 1 6 6 5 0? 1 3 3 0 9 2 2 0 6 2 5 0 0 2 5 <CLEARTEXT IT sua? questa? neg?>
5 4 7 3 8 6 7 0 <CLEARTEXT IT Questa? mattina? quando> 9 0 1 9 2 2 8 6 7 1 1 2 2 0 9 8 3 2 0 7 6 6 8 6 9 2 8 2? 6 7 8 6 3 1 1 5 5 2 0 8? 3 3 2/7? 9 9 3 8 7 4 7? 8 3
3 0 0 2 5 1 0 0 1 3 3 2 9 0 0 8 4 3 3 2 3 6 5 0 2 5 0 6 9 6 0 0 8 6 6 1 1 0 6 6 6 2 5 5 0 6 2 8 6 2 9 6 <CLEARTEXT IT haver> ? 4? 8 0 0 9 9 5 0 0 6 2 9 2 3/5? 8? ? 6 2 9 0 0 1 2 4
9 0 6 6 5 0 6 5 6 2 8 4 9 7 8 0 0 1 6 2 0 8 9 7 1 1 4 4 0 7 3 6 6 ? 8 6 9 1 3 2 0 7 3 6 9 0 2 5 9 4 2 9 8? 4? 5/3? 6 2 0 3 5 9 0 4 6 2 9 0 ? 8 ? 4 7 8 7 3 1 7 4 2 5
3 5 0 0 8 2 2 1 6 9 2 8 2 6 8? 8? 7 9 1 7 4 0 8 3 6 5 0 4 3 0 7 6 6 0 6 9 3 8? 6 9? 1? 6 7 3 6 7 3 2? 3 3 7 0? 6? 2? 2 9 5? 0 8 0 0 1 6 7? 0 8 0 9 1 2 2 7 0 5 0 1 1 2 0 2 9 6 7
3 6 6 4 9 5 8 5 0 7 7 9 0 6 9 2 0 2 5 0 2 8 7 5? 5? 8 0? ? 1 2? 9 5 0 4 9 6 6 2 3 2 2 3 6 3 6 9 9 5/3? 5 <CLEARTEXT IT e quando> 6 9 1 7 3 8 5 3 ? 6 4 2 9 2 5 5 0 6 4 1 7 4 7 1 1
0 7 5 7 2 0 9 3 8 6 6 8 9 0 4 4 9 0 9/3? 3 8 4 7 1? 6 5 1 1 2 2 3 6 9 0 2 5 9 0 2 9 3 3 0 9 8 0 6 7 0 7 4 3 6 6 4? 9 5 6 2 0 2 9 6 7 3 6 8 9 7 1 2 6 0 <CLEARTEXT IT quivi? atten=?>
<CLEARTEXT IT der a nego*y? del> 7 3 8 2 2 3 6 0 7 2 2 0 2 9 9 2 0 2 5 9 4 9 5 8? 5 6 7 3 ? 4 4 9 0 3 3 7? 7? 8? 7? 3? 0 9 8 9 0 1? 5 3 1 1? 0 6 2/7? 0 7 4 3 6 1 6 2 5 0 1 1 2 2 5 0
0 6 8 0 6 9 0 3 3 0 9 3 6 8 5 3 1 1 4 7 1 1 2 2 0 2 3 6 7 3 4 6 9 0 8 7 2 1 1 4/6? 6 0 <CLEARTEXT IT stimando a grand.^mo honore anzi? a ghevia?>
<CLEARTEXT IT Quando di> 7 7 5 1 6 2 2 9 5 0 9 0 4 6 2 0 8 9 0 1 5 7 1 7 7 5 8 3 2 0 0 0 6 2 3 0 0 8 2 2 0 2 3 6 3 5 5 0 6 4 8? 5 3 1 2 3? ? 7 7 5? 8 5 4 7? 3 8 3 2 0 7 3 6 3 5
9 0 0? 6 2 1 5 4 6 6 5 0 1 9 2 2 8 7? 3 3 8 6 9? 1 6 7? 0 <CLEARTEXT IT spiegando?> 7? 2 3 5 3 6 5 0 8 5 2 3 2 9 2 5 5 0 8 7 6 7 8 9 9 6 8 2 2 7 3 5 3 6 2 0 8 7 5 3 8 7
3 5 8 9 7 4 4 9 0 4 6 5 0 7 6 9 0 1 5 4 7 3 8 0 6 9 0 5 5 0 9 7 7 0 9 2 9 2 6 2 0 8 5 6 1 2 2 0 2 3 3 3 6 9 0 8 8 8 7 6 1 6? 9 2 8 2 6 7 1 7 4 1 1 5 5 0 0 6 0
9 0 0 4 2 0 8 2 3 5 2 6 5 3 7 0 0 9 3/2? 8 7 6 1 0 6 9 0 2 9 5 0 3 6 8 6 9 1 2 2 3 6 9 0 6 4 ? 9 3 5 9 0 8 0 0 1 <CLEARTEXT IT questa?> 8 6 6 2 8 6 2 ? 6 9? 4? 4 9 0 3 6 5 ? 3 ?

#IMAGE NAME: 2534.png
7 5 8 7 2 7 7 9 0 9 6 8 6 5 9 6 1 1 4 7 1 4 4 0 6 6 4? 8 0 0 9 9 5 0 6 0 9 2 2 0 9 3 8 2 6 1 5 4 4 0? 3 3 0 9 8 7 3 5 8 4 0 7 8 6 2 1 5 3 1 1 2 2 5 0 9 0 9 9 2 0 6 0
7 6 8 2 2 0 2 3 3 4 6 9? 9/0? 1 1 8 7 6 2 1 0 6 9 0 3 3 0 9 2 9 3 3 0 7 8 6 6 5 0 1 9 9 3 6 2 0 0 6 5 0 6 5 6 3 8 9 7 5 2 0 6 9 0 2 5 5 0 9 0 2 9 2 5 5 0 8 4 7 1 6 5 ?
2 3 0 0 4 6 5 5 0 2 0 9 6 8? 2 2 0 7 3 5 0 6 2 5 5 0 1 1 3 5 9 0 7 7 9 0 4 6 0 9 8 6 7 1 6 5 6 3 6 6 1 0 2 2 5 9 4 9 5 <CLEARTEXT IT non solo? per?> 7 3 8 2 2 0 2 3 6 2 5 9 0 8 5?
4 6 0? 8 6 2 8 6 6 1 1 2 2 8 0 6 7 2 9 0 3 6 5 0 2 0 9 6 8 7 3 3 <CLEARTEXT IT quando> 6 6 8 9 0 4 4 5 0 3 2 0 0 3 2 3/5? 0 0 ? 0? 7 9 8 5 5 2 0 2 4 7 6 5 0 3? 5 0 0 8 5 6 1 ?
9 9 0 9 9 9 9 6 8 9 0 1 5? 6 7 3 8 6 6 9 7 9 9 0 6 2 0 8 9 0 1 2 2 0 9 2 9 3 9 2 0 8 6 9 1 6 6 0 6 5 0 <CLEARTEXT IT d'impegnarmi? tanto quanto? e facevi?>
7 7 5 8 3 2 0 0 6 0 2 3 0 0 8 2 2 0 2 3 6 2 5 5 0 3 2 0 7 7 3 3 6 9 0 8 0 6 2 9 5 0 0 4 9 0 3 6 2 3 7 2 9 0 8 6 9 1 7 7 6 8 7 3 1 1 6 6 4 8 6? 3 3 9 0 1 4 4 0 ?
9 0 1 5 6 7 3 8 9 0 9 8 1 1 7 7 0 7 9 2 3 6 2 0 2 9 3 3 7 0 8 9 4 8 0 0 3 3 5 5 0 9 3 6 5 0 4 6 9 0 8/5? 7 6 2 1 6 9 2 1 6 2 6 7 8 9 0 1 6 4 2 9 2 6 0 0 1 2 4
2 0 6 5 6 2 4 6 9 0 8 0 7 1 1 3? 6 5 0 2 4 0 6 2 5 0 0 4 6 8 6 6 5 0 1 7 7 0 7 ? 5? 5 0 0 4 5 0 8 9 0 1 3 6 2 0 9 9 9 4 2 9 5 0 8 5 6 1 2 2 2 0 3 3 3 6 9 0 8 0/6? 3 8 2?
7 0 9 6 1 6 9 4 4 0 6 2 3 0 7 8 9 7 1 7 2 3 5 3 6 9 0 8 5 4 7 4 8 7 6 1? 8 4 4 2 0 1 7 7 0 7 9 2 3 6 2 0 9 3 1 3 6 9 0 9 2 0 0 3 6 8 5 7 2 3 0 6 2 0 4 3? 0 7? 8 1?
5 3 2 6 7 4 6 1 3 3 7 9 2 5 0 0 8 2 3 3 2 3 6 5 0 3 5 0 6 4 6 2 0 8 0 0 2 9 2 6 5 0 1 6 9 1 6 7 3 6 7 7 9 0 7 3 8 0 0 1 0 6 9 0 3 3 0 9 3 6 9 0 8 9 0 1 3 6 9 0 9 9 7 0 7
3 6 6 5 8 6 4 5 2 3 3 0 7 8 7 6 1 6 3 7 0 8 2 2 0 2 3 6 9 0 4 6 0 9 8 8 1 1 3 7 1 5 5 7 0? 8 3 3 0 9 9 3 8 4 7 1 ? 4 7 8 5 0 1 6 2 2 9 6 7 9 3 8 5 7 1 9 0 ?
0 0 8 <CLEARTEXT IT conpensiero? principalmente di postr?> 9 5 1 6 2 9? 9 6 7 3 6 8 3 2 0 7 2 2 5 0 2 0 8 7 7 5? 8 6 4 3 6 0 0 1 0 0 1 9 9 6 <CLEARTEXT IT ma haveva?>
<CLEARTEXT IT detto che> 3 3? 7 0 6 2 2 9 5 0 8 2 7 0 0 8 6 5 0 7 0 8 9 0 3 7 8 0 6 9 0 2 9 0 6 9 3 8 0 0 1 2 2 0 2 3 6 2 5 0 2 3 6 7 7 9 0/8? 7 3 8 5 2 1 5 3 1 1 2 7 7 9 0 9 3 6 7 5 8 9 ?
4 3 0 7 ? 3 2 2 7 9 9 3 8 0 7 1 2 3 3 3 9 0 9 9 2 9 0 2 3 6 7 5 8 5 3 1 3 7 1 1 5 5 0 7 1 7 4 4 8 7 2 3 5 3 6 7 0 8 2 3 4 4 0 7 3 6 2 6 2 0 8 1 <CLEARTEXT IT Veram?>
<CLEARTEXT IT ro? ho novitia? che le ragioni rapportavi? fui? hora hanno fatti?> 0 0 8 7 6 9 8 5 0 7 7 2 2 3 6 9 0 6 5 0 7? 9 5 8
6 6 8 5 5 2 0 0 6 9 0 4 6 5 0 2 0 9 6 8? 7 4 4 1 7 5 3 1 1 6 2 9 9 9 4 4 6 9 0 8 6 4 1 1 5 5 2 0 0 6 9 0 6 4 1 7 3 3 2 5 0 2 0 9 3 8 6 9 1 9 3 3 2 0 0 4 6 8 9 0?
6 5 2? 7 0 9 8 9 7 1? 1 3 2 0 7? 6 4 8 2 2 0 2 2/3? 6 3 5 5 0 3 2 0 7 7 3 4 6 5 0 8 6 6 5 0 1 2 2 8 2 2 8 4 4 0 8 6 6 5 0 1 7 6 7 8 5 3 1 1 5 5 0 0 1 3 3 0 6
9 4 8 4 7 1 2 3 0 7 9 6 8 2 2 0 6 2 2 7 6 7 3 8 5 6 6 6 5 0 1 7 0 4 9 8 5 6 ? 4 6 0 <CLEARTEXT IT Onde ho voluto? significar? tutto? g**?>
<CLEARTEXT IT a V.S. Alt.^ma alt*? sapprà? quale? lepassa? mi? negotio? tanto grave> 9 0 1 5 9 1 ? 6 7 8 0 6 2 0 8 7 7 7 8 5 0 7 7 2 2 ?
9 9 2 9 2 0 2 5 0 0 1? 3 2 0 7 3 5 9 0 9 2 0 0 8 9 2 0 8 7 3 8 ? 3 0 0 3 2 3 6 2 0? ? 3? 5 3 8 9 0 1 7 3 1 1 5 7 4 3 0 7 2 9 0 0 8 9 2 9 0 2 3 0 0 8 6 9 1 ?
7 9 1 1 7 3 0? 8? 3 6 9 0 9 2 5 0 8 2 2 3 6 9 0 6 0 9 0 2 9 0 6 2 5 0 0 8 9 7 8 3 2 0 7 4 3 0 7 8 4 7 1 1 3 2 0 7 9 2 2 0 8 7 0 1 5 7? 1 1 2 2 0 2 3 6 2
3 3? 0 9 8 2 2 8 2? 2 8 4 4 0 8 0 7 1 6 9 1 6 7 0 8 7 7 9 0 3 3 0 9 6 5 6 2 <CLEARTEXT IT venivi? fa**a qualche?> 3 7 6 8 5 7 1 1 2 3 3 2 3 6 9? 0 6 9
2 0 4 6 1 6 6 1 1 5 7 2 8 2 2 0 2 3? 3 0 0 9 3 8 5 4 1 2 2 8 6 2 9 9 9 6 <CLEARTEXT IT a*e? eurandomi? che la sing? p**venza?, e> 2 0?
<CLEARTEXT IT di V.S. Altissima che quando pur lepar**e atttribuir qualche particolarità> 0 7 8 9 0 3 2 9 0 2 3 0 7 8
2 2 0 9 2 9 0? 3 9 0 0 8 7 2 7 3 8 0 6 9 0 5 5 0 9 7 7 0 9 2 9 2 6 2 0 8 5 6 8 2 2 0 0 3 3 3 6 9 0 1 1 3 6 9 0 9 2 9 7 0 7 8 9 9 7 3 8 2 3 0 7 9 2 2 0 2 9 2 6
5 6 1 5 4 4 8 5 2 4 4 9 0 3 6 6 2 3 5 5 0 8 5 6 6 6 5 0 8 5 2 3 2 9 0 2 5 5 0 8 9 0 1 1 6 4 2 9 6 5 1 5 6 7 3 8 2 3 0 0 3 2 3 6 2 0 8 3 5 3 8 9 0 1 6 9?
<CLEARTEXT IT in? questa miseria?, nella quale> 2 3 0 0 3 6 2 0 8 6 9 1 7 5 3 8 2 2/7? 0 7 8 7 5 5 8 6 4 1 6 5 1 9 3 3 7 9 0 4 6 2 0 1 6 6 1 5 6 7 8 0 0 1 4 9 1 4 7
6 9 1 7 4 3 8 6 5 1 6 9 8 3 2 0 7 9 2 0 0 8 9 7 3 5 9 0 3 6 2 2 3 6 9 0 3 5 0 9 8 4 6 7 3 8 5 6 7 3 8 0 6 7 0 7 5 2 9 2 5 0 0 1 6 9 1 5 7 7 8 9 0 1 6 9 1 9 9 6 8 7 3 8 2 7 ?