#CIPHERTEXT
#CATALOG NAME: BAV_Barb.lat_6960-18
#IMAGE NAME: 2537.png-2538.png
#TRANSCRIBER NAME: XZ
#DATE OF TRANSCRIPTION: June 4, 2020
#TRANSCRIPTION TIME: 2h
#TRANSCRIPTION METHOD: Manual

#IMAGE NAME: 2537.png
#COMMENTS: "83." appears at the right upper corner of the image.
9 0 1 7 7 2 8 5 3 1 6 6 8 5 5 0 0 2 4 5 0 2 0 8? 8 6 9 0 9 5 3? 6 6 9 8 2? 3 2 2 0 9 6 9 4 6 7 0 1 6 9 1 1 2 9 0 6 7 0 0 6 7 0 8 1 0 1 7 7 4 8 0 6 7 0 6 6
2 5 0 0 8 5 2 1 2 0 9 9 2 9 5 0 8 3/6? 7 6 8 1?  <CLEARTEXT IT Quelede conalae mie eo kutio del> 7 3 8 4 4 3 6 9 0 2 5 0 0 1 4 7 1 1
6 5 8 6 7 0 6 2 0 1 7 2 8 0 6 7 0 7 4 9 2 0 0 9 7 8? 6 9 1 1 2 2 0 2 4 3 0 0 3 6 0 9 8 9 7 8 4 7 4 1 6 6 8 5 5 7 0 8 1 6 4 2 9 2 5 5 0 9? 3 1 5 4
7 3 1 2 4 7 0 3 2 0 0 8 2 2 3 6 7 0 2 2 3 6 5 0 2 0 8 3 3 0 9 8 5 0 9 8 2 2 3 6 9 7 3 2 5 0 2 2 7 2 5 0 8 6 9 8 7 7 5 8 3 2 0 7 3 6 2 5 0 9 1
9 0 1 5 6 1 1 5 9 5 8 2 0 2 9 2 6 5 0 1 5 4 7 5 8 9 2 9 0 2 3 0 7 8 4 6 0 3 <CLEARTEXT IT ma'nel med eni* tempo nu pe** Eaver'ae*>
<CLEARTEXT IT cennaio> 3 6 5 0 2 2 0 6 2 5 0 6 3 6 2 5 8 6 9 4 4 5 0 3 2 7 6 9 0 8 2 2 3 6 9 7 3 2 5 0 2 2 7 2 1 7 5 5 8 5 7 1 1 3 2 3 6 9 0 3 3 0 9
4 6 8 4 7 1 9 6 6 8 5 3 1 1 2 2 8? 2 2 5 0 9 6 4 3 6 0 7 8 7 4 7 8 7 5 8 5 7 1 1 4 0 4 8 0 0 1 7 5 3 6 7 0 8 9 7 3 5 0 9 3 6 9 0 6 5 8 8 8 6 3
0 6 7 2 9 0 4 6 7 0 1 0 7 4 4 9 0 3 6 0 9 2 9 3 3 7 0 6 5 8 6 6 1 1 5 6 7 8 5 6 7 3 8 9 6 2 5 5 0 2 5 5 0 2 0 8 4 7 1 1 6 5 1 1 3 2 0 7 7 7 2 2 5 0
2 0 3 2 0 9 8 9 9 6 1 1 6 7 3 6 6 3 8 3 2 5 0 3 6 4 2 0 0 8 6 6 1 9 7 3 3 0 6 6 6 9 3 8 4 7 1 6 5 1 1 9 0 8 3 6 5 0 2 3 0 7 6 6 0 6 9 3 8 5 2 3 2
0 9 3 3 0 9 3 6 6 5 1 7 2 1 1 6 9 0 1 7 4 0 7 2 2 0 7 6 6 3 3 0 7 8 9 9 0 6 3 7 9 0 6 6 7 7 0 7 8 6 2 8 3 3 1 9 3 1/0? 1/0？4 4 0 0 4 6 0 7 8 7 7 0 7 9 3 8 7? 2 3 2
0 6 9 6 8 5 3 1 6 7 2 9 3 3 0 7 7 7 9 0 9 5 8 7 2 3 2 0 6 2 9 8 3 2 9 0 2 9 9 6 8 9 9 6 <CLEARTEXT IT i si cona' non l' eo sous air? di>
<CLEARTEXT IT quilede mi servise con le passat* circa> 7 3 1 4 9 7 8 2 3 3 2 3 6 5 0 2 5 7 2 9 0 1 5 4 7 3 8 6 2 9 0 9 2 0 0 8 5 6
4 6 2 8 7 2 7 3 8 7 6 7 1 6 3 1 1 9 9 9 4 0 6 2 0 1 6 9 1 1 3 2 3 6 9 0 3 3 0 9 4 6 9 0 8 4 7 1 9 9 6 8 <CLEARTEXT IT non> 5 5 2 0 0 6 9 0 4 6 2 0
7 3 2 3 3 2 5 0 2 0 9 3 1 1 6 9 8 3 6 5 0 2 3 2 2 0 7 2 9 3 3 0 9 4 6 0 9 8 9 0 1 4 7 1 1 5 7 1 1 2 0 6 6 3 5 3 6 0 0 8 0 6 2 5 2 0 8 5 5 0 2 0
6 9 0 4 6 2 0 8 <CLEARTEXT IT mina> 2 5 0 0 8 7 3 8 4 9 7 8 8 8 0 6 2 9 0 0 8 9 5 1 1 5 5 7 0 8 3 6 5 0 3 2 9 0 0 6 2 5 0 0 8 9 7 1 1 7 7 5 8 5 7 0 1 6 9
3 6 9 0 2 5 0 0 1 7 2 8 4 6 0 <CLEARTEXT IT enon sapond la maavia, de connem' la pieapi tuio lemp li ecm>
<CLEARTEXT IT senta accompagnar la a lao officio Aspetto condend la puihio p*e circa> 7 6 1 1 2 2 0 6
2 9 9 3 8 5 6 1 0 6 5 0 6 5 2 5 0 0 9 3 4 6 0 9 8 0 7 1 0 6 5 0 3 2 0 0 3 6 9 4 8 0 2 2 2 0 7 9 2 7 0 6 6 5 0 3 2 0 7 8 5 7 1 1 7 3 1 6 9 7 0 3 2 9 0
6 4 1 1 6 9 8 2 5 4 <CLEARTEXT IT perede latard an*a in pu*to negotro con li danni> 9 9 3 6 2 0 0 6 5 0 1 2 3 2 2 5 0
3 6 5 0 3? 5 0 6 7 2 5 0 8 9 5 1 1 2 2 0 6 7 0 6 6 8 2 2 7 0 3 6 2 5 0 0 4 6 8 5 9 7 4 8 2 2 3 6 9 0 6 4 2 9 2 5 5 0 8 5 2 9 9 5 0 0 6 2 9
2 5 0 6 3 6 9 0 8 7 2 3 5 3 6 5 0 8 5 3 1 1 7 4 9 9 9/5? 0 9 0 3 6 5 0 8 3 5 0 9 7 7 2 2 0 7 3 6 7 2 5 0 8 9 0 1 2 2 7 0 6 6 5 0 2 5 5 0 3 2 5 0
<CLEARTEXT IT H*lli> 5 7 2 8 2 2 0 0 2 3 2 0 3 5 0 5 8 6 7 1 3 2 0 7 2 5 0 9 9 2 0 7 8 2 2 9 8 3 2 9 0 2 3 0 0 4 6 9 0 7 0 8 9 7 1 1 2 2 3 6 7 0 2 2 0 7 6 5
9 3 8 6 9 1 1 2 2 3 6 7 0 7 7 0 7 2 5 9 4 9 5 8 6 3 1 1 5 7 2 3 0 6 2 0 3 3? 0 7 8? 4 7 1 1 9 9 6 8 5 3 1 1 3 3 0 6 2 4 5 0 2 5 5 0 8 4 7 1 9 4 8 0 6
5 5 2 0 2 4 5 0 2 0 8 7 5 0 1 1 7 3 1 6 3 2 9 5 0 6 2 8 2 2 0 2 3 6 2 5 0 9 8 9 0 1 2 2 0 7 2 3 0 0 1 6 9 1 2 2 5 0 6 0 1 0 0 4 4 9 0 3 6 6 2
3 6 7 4 8 5 2 1 6 5 2 9 3 2 9 0 3 6 5 0 6 5 6 2 8 0 6 9 0 3 6 5 0 3 5 0 0 8 4 7 1 5 3 1 1 9 5 8 5 5 7 0 1 9 5 8 2 0 2 9 4 7 8 7 5 0 1 7 3 1 6 3
2 9 5 0 6 2 8 9 6 2 5 5 0 2 5 5 0 2 0 8 8 6 5 1 7 3 7 8 7 4 1 1 2 2 0 7 2 3 0 7 8 0 6 9 9 0 6 7 2 8 7 5 5 8 0 0 4 4 9 0 3 6 6 2 3 6 9 0 8

#IMAGE NAME: 2538.png
4 7 1 5 3 1 1 5 5 7 0 8 2 5 7 2 8 2 2 3 6 9 0 2 5 0 9 2 9 6 5 7 0 9 5 8 9 5 1 1 2 5 7 2 8 4 4 9 7 9 0 8 6 2 1 2 3 7 0 7 5 8 6 9 1 7 3 5 1 1 6 4 3 6 0 6?
5 0 4 6 0 9 8 0 0 1 9 9 6 8 0 0 1 5 7 7 8 7 9 1 1 2 0 8 3 2 0 7 2 5 0 9 9 2 0 2 8 9 9 2 0 8 9 0 1 7 7 2 8 6 9 7 0 1 1 6 3 1 4 4 0 2 3 2 5 0 2 0
9 4 3 6 2 0 2 5 5 0 2 0 8 6 9 1 7 4 3 8 7 5 8 9 0 1 4 7 1 1 5 7 7 8 9 0 1 9 9 6 1 6 5 1 1 5 7 2 3 0 6 2 0 6 7 9 6 8 4 7 1 1 9 4 1 5 5 2 0 2 4 5 0 2 0
0 0 3 3 0 9 3/7? 7 2 2 5 0 9 3 8 7 3 7 8 2 2 0 7 2 3 0 7 8 6 4 1 5 3 1 1 7 3 7 1 3 3 0 9 0 6 7 0 8 7 4 1 6 3 9 0 8 2 2 0 2 3 6 2 5? 5 0 8 9
5 0 6 2 3 6 7 0 1 7 4 7 1 5 2 6 4 9 9 0 6 5 0 9 3 8 2 6 1 1 2 2 5 0 0 6 1 2 3 0 6 2 4 6 6 5 0 7 7 0 9 8 2 2 3 6 9 0 6 3 0 7 8 9 0 1 3 6 5 0 7 7 0 6 9 5
3 6 2 0 2 5 9 4 2 5 8 4 7 1 9 4 1 1 2 2 0 7 2 3 0 0 8 0 0 2 3 2 2 7 9 0 0 3 6 0 9 8 9 0 1 5 2 1 1 7 7 5 1 9 7 1 1 7 0 9 9 2 9 5 0 1 6 6 0 6 7 0 9 9 0 7
9 0 1 5 9 1 3 5 0 6 9 9 0 6 3 6 9 4 8 5 6 5 3 1 6 3 2 0 8 3 2 0 0 4 3 0 0 8 6 3 1 3 6 5 0 5 2 0 7 2 3 3 2 9 0 4 6 7 0 8 9 0 1 1 2 2 3 6 7 0 4 4
0 9 6 4 4 6 0 7 8 0 7 2 4 6 6 5 0 2 0 0 2 9 3 8 9 0 1 9 9 3 6 2 0 9 3 8 7 2 7 3 8 5 7 2 3 0 7 2 9 0 0 8 9 0 1 3 2 0 0 4 3 0 2 8 6 9 8 9 9 6 1
7 2 8 2 2 0 2 3 6 5 0 1 6 9 1 7 7 0 8 7 2 3 5 3 6 7 0 8 8 9 0 1 6 7 1 1 7 7 4 8 4 7 1 9 4 8 2 0 3 2 9 0 2 9 0 0 5 0 8 5 2 1 7 3 1 1 6 3 2 0 8 3
2 6 1 6 9 1 9 9 0 7 2 9 0 3 3 0 9 3 6 9 2 0 7 3 6 4 4 8 9 7 1 1 2 2 3 6 7 0 2 2 0 7 6 5 9 3 8 6? 6/9? 1 2 4 7 2 6 7 4 9 9 6 1 6 9 1 1 3 2 7 4 6 4
6 6 9 4 8 5 5 0 2 0 6 9 0 4 6 2 0 8 2 2 0 7 2 5 0 6 9 3 8 0 6 9 0 3 3 0 9 3 6 8 7 6 9 8 3 6 9 7 5 2 3 5 3 6 7 0 1 6 9 1 1 7 7 3 8 9 4 8 6 5 2 ?
2 0 2 5 0 2 3 2 0 2 9 3 8 0 0 1 6 5 6 3 6 6 8 2 2 3 6 9 0 2 5 0 9 2 9 6 5 7 0 9 5 8 6 2 6 5 7 7 0 9 8 9 7 1 1 5 2 3 2 0 7 3 6 2 3 0 7 1 5 6 6
5 0 1 1 9 7 2 5 0 9 4 6 9 0 6 5 8 6 9 1 1 3 2 0 7 2 5 0 9 9 2 0 1 8 9 2 0 8 1 1 2 7 2 2