#CIPHERTEXT
#CATALOG NAME: BAV_Barb.lat_6960-28
#IMAGE NAME: 2567.png - 2568.png
#TRANSCRIBER NAME: MEG
#DATE OF TRANSCRIPTION: June 14th, 2020
#TRANSCRIPTION TIME: 175 min
#TRANSCRIPTION METHOD: Manual

#IMAGE NAME: 2567.png
#COMMENT: At line 20 there is a plus sign. I left it in the transcription as it is.
<CLEARTEXT IT Di Vienna 29.7mbre All'Mma. sig. Card.al Proni>
<CLEARTEXT IT 1629>
<PLAINTEXT IT Nel particolare>
5 6 1 2 2 0 2 3 6 2 5 5 0 4 2 0 7 7 3 0 3 6 8  5 6 1 0 6 5 0 6 5 2 5 0 0 9 3 3 6  8 2 0 2 2 7 0 9 2 7 0 6 6 5 0 3 2 0 7  8  5 7 2 1  2 5 4 8 2 2 0 2 3 6 73 5 0
3 2 0 7 6 6 8 6 9 2 8 5 9 5 8 7 7 0 9 3 6  3 2 0 7? 3 6  6 9  8 1 1 3 5 3 6 7 0 8 6 2 0 5 0 8 9 7 1 1 6 7 6 8 7 5 3  8 3 3 8 6 3 6 9 0 2 6 2 0  1 7 6 0
4 7 8 9 4 1 1 2 2 3 6 7 0 3 2 0 6 3 6 2 0 6 5 8 7 7 0 7 9 2  3 6 2 0 3 6 3 7  8  7 3 1 6 9 4 4 0 9 3 6 9 0 2 9 2 6 0 9 8 3 6  2 0 9 9 9 4 9 5 8 4 7
7 7 7 6 5 0 2 5 0 0  8  9 7 1 7 7 4  8  4 7 1 1 9 0 6 4 3? 6 3  2 5 0 2 5 0 0 9 6  4 4 3 8 5 7 0 8 6 7 8 7 7 4 8  4 7 1 6 6 8 9 0 6 4 3 6 3 2 5 0 2 5 0
0 9 5 8 5 0 7 7 0 9 6 9 2 0 2 5 0 0 8 5 6 7 3 1 9 0 9  <CLEARTEXT IT per non havir? in questi ad * il>  7 4 9 9 0 2 7 7 0 9 8
4 7 8 6 5 2 0 9 6 8 6 9 8 0 6 2 9 0 0 8 0 7 1 1 6 9 1 0 6 2 9 8 7 3 3 5 3 6 2 0 8 2 9 2 0 2 5 9 4 9 5  8 8  6 9 9 0 3 3 0 9  8  6 7 6 1 1  2 3 3 8 9 7?
2 5 0 9 2 9 3 3 0 9 4 6 9 0 8 4 7 1 7 4  8 2 2 0 2  3 6 9 0 6  +  8 2 2 5 0 0 6 8 4 0 4  8 5 7 1 1 6 7 0  8  2 0 9 2 5 0 0 3 6 8  3 0 6 4 4
3 6 2 0 9 9 2 0  9 5 0 7 8  2 9 2 0 2 5 9 4  0 2 9 7 2  9 0 8 4 7  8 1 0 6 5 0 6 5 2 5 0 0 9 3 3 6 8  4 4 7 0
3 6 9/2?  0 9 2 5 0 9 0 3 6 0? 8 1 1 7 2 8 4 7 1 3 6 5 0 2 3 2 2 0 7 6 5 8 4 7 1 7 6 8 7 7 0 9 2 6 0 7 8? 3 5 0 9 3 6 6 3 9 5 8 6 9 1 0 6 5 0 6 5 2 5
0 0 9 3 3 6 9 0  8 9 0 3 6 0 0 8 9 2 2 1 1 9 7 6 5 2 9 0 6  2 0 9 3  8 6 7 1 7 7 0 9  8 5 7 1 6 3 7 0 8 2 2 3 6 7 0 2 2 3 6 9 4 8 2 2 9 0 2 9 6 5
9 0 4 6 7 0 8 5 7 1 1 0 9 0 6  5 0 2  5 0 2 3 6 8 7 3 1 6 9 4 4 5 0 3 2 0 7 6 6 2 5 0 0  8  4 7 1 6 5 1 1 4 4 0 2 3 2  9 0 0 6 2 0 8 6 9 1 0 6 7 0
7 4 3 6 8 2 0 3 3 7 7 0 9 2 5 0 9 3 6 8 7 6 1 2 3 0 6 4 4 3 6 2 0 9 9 0 0 9 5 0 7 8 3 3 0 9 1  5 2  6 4  2 3 0 6  5 9 9 8 1 1 4 7 8 7 5 4
7 7 5 8 4 4 7 0 3 6 6 2 8 6 5 1 9 9 5 0 0 6  6 9 3 2  0 2 6 4  8  2 2 5 0 0 6 1 0 2 0 6 2 0 2 9 2 5 0 0 9 9 9 4 2 3 0 0 8 5 7 1 6 7 0 8 9 0 3 6 2 0
9 7 8 2 3 0 6 2 0 8? 6 2 9 6 8 2 0 3 2 0 9 2 5 0 0 3 6  7 3 8  6 6 8 9 4 1 5 3 8 5 5 0 2 0 6 9 0 0 6 7 0  8  2 0 0 6 5 0 2 3 0 7 8 4 7 8
0 6 5 0 1 1 4 4 0 6 6 4 1 7 2 3 5 0 9 3 6 2 0 2  5 9 4 9 5 8 5 9 7 3 1 6 9 2 3 2 2 0 7 6 5 2 5 9 4 9 5  8  6 9 1 5 2 3 2 9 0 3 3 0 9 3 6 7 5
9 7 1 7 7 5 8 4 4 7 0 3  6 6  2 8 8 9 5 1 2 2 0 2 3 6 7 3 5 0 8 7 6 1 9 9 9 4 3 6 9 6 8 6 4 9 9 0 6 0 9 2  9 2 5 0 9  8 5 2 1 6 7 0  8  9 0 1 3 7 8 2 2
7 0 6 5 1 9 7 8 5 2 6 5 9 3 0 9 4 6 2 0 3 5 9 4 9 5  8 7 7 3 1 2 2 7 0 2 5 0 9 5 0 8  9 0 4 4 5 0 3 2 0 2 3 2 9 0 8 7 5 5 8 7 3 7  8 0 0 1 6 7 0 8
5 3 8 9 0 3 6 2 0 1 6 9 8 0 6 0 9 3 6 0 6 2 9  8 2 2 3 6 9 0 9 9 5 0 0 6 6 9 2 5 9 4  8  4 7 1 6 5 1 1 3 3 0 9 2 2 0 6 2 5 0 2 6 4 8 0 6 9 6
8 6 6 5 0 2 4 9 0 2 6 2 0 8 7 5 5 8 6 7 1 5 7 7 8 7 5 4 1 5 3 8 7 4 1 4 4 0 6 6 4  8 6 9 4 4 5 0 3 3 0 9 2 9 2 5 0 9  8 2 0 2 9 2 6
5 0  8 7 5 3 1 3 3 9 0 0 6 2 0 9 3  2 8 6 4 0 3 6 0 6 5 0 2 5 9 4  8 6 9 1 6 7 0  <CLEARTEXT IT e dall'altro canto quanto saria?>
<CLEARTEXT IT  pregiuditiali>  7 2 7 3 8 9 0 9 1 5 3 8 2 3 7 0 7 5 1 9 7 8 7 7 5 8 2 2 0 2 3 6 3 5 0 9 1 6 2  8 9 1 7 7 6 8 7 6 1 3 6 9 0 9 2 7 0 8 5 6
7 3 8  3 2 3  8 6 4 1 6 5 8 2 0 2 2 3 6 5 0 6 4 8 2 2 0 7 3 6 2 5 0 0 8 7 2 1 5 2 3 5 3 6 2 0 3 6 9 4 1 3 2 0 7 7 7 2 2 6 6 5 0 3 6

#IMAGE NAME: 2567.png
#COMMENT: at line 40 on top of the line there were 3 ciphers, which are noted at the end of the transcription in a comment note
7 6 3 8 7 2 6 6 5 0 1 9 7 3 5 9  0 3 6 9 0 6 5 1 6 9 8 6 7 0  8  5 7 1 1 7 6 1 5 4 4 8 2 2 3 6  9 7 3 2 5 0 2 2 7 2 9 0  8  5 9 1 9 6 7  8 6 5 8 5 5
2  8 6 7 1 1 2 2 3 6 9 0 2 9 3 3 0 9 3 6 8 9 9 3  6  2 0 2 5 5 0 0 2 8  9 7 5 2 3 5 3 6 2 0 3 6 8 7 6 1 9 9 0 6 9 2 0 7 8 6 9 1 6 7 0  8  5 7
8 9 9 0 6 2 0 6 7 9 9 2 9 0 0 3 6  <CLEARTEXT IT et obligar maggiorn.te? la mia? volontà visto? le lodifars.ne? di S.M.>
<CLEARTEXT IT Ne parlai con alcuni altri fones.ni? avevi? danno de quali è stato detto ad un mio ser.no?>
<CLEARTEXT IT che ho mandato sapere di Molm.ne? fu? grazie? di quando stava? proporre>
<CLEARTEXT ITquindi? una Cifra= del Impe.? savello? in quista= maraia?, ma n'ha saputo sirmi>
<CLEARTEXT IT sseguirmi? corrs.ho? il che non credo perché? non ho ricontro?>
<CLEARTEXT IT chessa * ho puri? che havevano cardato? a direi frarla? il che non ho>
<CLEARTEXT IT più probabile? che perciò non se ne tratto; col egli voglio creder che si sarà>
<CLEARTEXT IT presa risolu.ne? la quali avvisarò? à V.Mma>
8 8 9 7 6 5 2 9 0 6 7 0 8  7 5 1 7 7 9 0 3 3 0 9 6 5 7 7 0 7 8 2 0 3 8 4 7 1 6 6 8 2 0 3 8 4 7 1 6 6 8 2 0 3 3 7 7 0 9 2 5 0 9 3 6  8  0 6 5 0 6 5 2 5 0 2 9 3 3 6 9 0 8 4 4 7 0 3 6 2 0 9
5 9 9 0 3 6 7 0 8? 2 3 0 0 3 6  0  2 0 8 9 0 2 9 3 5 3 6 0 2 4 6 8 9 7 1 2 9 0 6 7 0 0 4 9 0 8 6 9 4 4 5 0  3 2 0 7 6 6 2 5 0 0 8 5 2 4 4 5 0  3 6 6 2 2 9 3 3 1
8  7 7 4 1 4 7 8 2 0 3 2 9 0 2 9 0 2 5 0  8  2 3 0 7 9 3  8  6 6 5 0 1 2 7  9 7 6 9 3 2 5 0  3 2  5 0 3 6 4 2 0 0 8 7 6 1 2 2 0 2 9 9 0 2 8 7 5 5 1 5 6 7 4
2 3 2 2 9 0 6 4 8 5 6 1 0 6 5 0 6 5 2 5 0 0 9 3 3 6 9 0 8 7 6 1 4 7 8  9 0 2 3 4 3 0 0 3 6 9 0 2 4  9 0 8 7 5 4 1  6 7 7 8 3 3 0 9  2 2 0 6 2 5 0 0 6 4
0 6 9 6  8  3 3 0 9 8 9 5 6 1 5 6 1 2 2 0 2 9 0 6 4 1 4 9  8  2 2 5 0 0 6 8 7 4 1  2 2 5 0 2 0 3 1 9 0 6 4  8 8  5 3 1 7 3 2 3 3 2 5 0 2 0 3 6 7 0 8 6
6 9 3 6 9 0 8 4 7 1 7 6 1 6 9 2  8  5 9 5  <CLEARTEXT IT nel discorso accennato disse?>  6 4 1 5 3 8  2 2 7 0 2 5 5 0 2 0 7 7 0 7 8 9 7 1 7 7 5 8 5 4 4
2 0 9 9 5 0 0 6 9 2 2 0 3 6 8 0 6 2 9 1 9 7 3 5 9 0 3 6 5 0 7 7 8 7 5 3 1 7 7 0 9 9 6  6 5 1 1 2 2 7 0 3 5 3 6 2 0 1 2 0 9 9 5 0 0 6 9 2 2 0 3 6 8 7 6?
5 4 4 8 2 2 3 6 9 7 3 2 5 0 2 2 7 2 9 0 8 9 0 1  7 3 9  8 7 7 2 8  5 3 1 6 5 8 4 4 0 2 3 2 5 0 2 0 1 7 3 8 4 3 7 1 5 7 8 7 4 8 5 2 3 5? 2 6 7 1
0 6 9 0 3 6 6 5 9 0  8 6 9 1 6 0 4  8 9 0 1 5 0 6 8 2 3  0 0 3 6 1? 2? 0 8  5 4 7 1 7 4 3 8 7 3 8 5 7 1 7 6 8 6 0 0 8 3 3 1 2 5 4

#COMMENT: 359
