# sp53-16-no79b.jpg
29;10;08b;101;20;07;26;92;101;12;128;117;93;28;102;50;10;05;;01a;01d;93;35;82;83c;12;111;57;35;101b;68;
71;15;72;01a;24;08b;25;08c;129;75;66;112;107;10;08b;15;08;08c;72;24b;93;29;70;19;126;69;35;64;
138;18;25;38b;119;116;68;01b;01a;01d;129;12;70;84f;91;05;56;108;77;128;67;03;;32;;01a;35;
66;12;07;20;126;93;57;15;;103;105;18b;84;01a;16e;12;19;102;08c;68;75;10;08b;92;138;
118;05;03;124;12;24b;18c;01d;70;72;29;84f;83c;16d;39b;121;111;102;25;117;01a;01d;131;11;19;47;93;36;
;07;115;18;06;68;01d;10;08b;92;102;39;57;108;29;15;16e;01d;138;83c;126;03;92;93;29;64;
16b;10;102;66;39b;45;58;93;68;01a;128;57;25;15;91;84;08b;77;;67;03;70;24b;04;110;36;01b;
02;92;101b;;08c;29;20;128;76;88b;130;84;72;130;12;111;102;08c;91;84f;08b;29;128;92;112;;57;
38b;05;03;12;119;76;90;18;07;107;91;16e;128;;76;;;56;72;19;35;128;24;35;01a;
91;71;01b;68;01a;07;76;131;39;06;88b;57;128;26;17;;111;117;01b;69;60;20;12;53;39b;84f;138;
12;05;66;113;20;29;57;128;12;08b;56;01d;82;107;111;18b;121;77;75;01a;72;19;126;69;01d;32;
102;10;18;24b;93;17;12;88b;76;84;75;08b;128;110;130;;12;29;128;70;93;57;101b;19;
124;03;10;119;29;101b;45;20;10;15;105;16d;39b;29;;18b;75;53;15;16b;20;04;128;34;
101b;12;50;45;76;88b;71;115;12;29;01a;112;102;101;07;93;08c;;138;76;111;131;133;35;64;;
123;66;118;07;12;90;128;29;05;57;15;60;01d;;76;16d;29;08b;77;138;110;03;04;58;110;
76;10;04;126;29;128;05;72;01a;117;107;76;10;08b;71;15;56;67;121;;57;126;110;19;03;
25;102;76;88b;92;29;12;68;01b;01;90;91;16d;08c;131;07;52;130;119;102;13;15;20;;
75;71;25;45;58;20;68;101;;101a;;12;15;18;128;01b;29;08b;138;12;04;138;121;93;75;103;
10;101b;118;126;29;68;76;03;84c;;131;15;39b;76;16b;101b;29;75;08b;138;08c;16b;53;133;34;36;
115;102;118;88b;92;68;29;15;05;75;;116;24b;110;08b;93;130;07;24c;24b;;101b;94;
10;128;01d;92;01;84f;45;20;29;76;08b;133;29;10;18;112;36;02;56;76;;130;01;08c;15;20;;
01d;13;102;118;84;68;76;01b;90;;10;20;50;12;;57;128;04;121;03;126;20;110;
66;71;25;08b;88b;83b;29;105;71;57;08c;20;36;112;76;128;29;75;138;08b;15;08c;121;01b;08c;10;
;102;13;92;50;39;12;92;;56;115;91;29;02;110;76;130;08c;129;01b;01a;18c;82;63;126;101b;
01a;13;102;39b;76;84;118;29;08b;76;101b;19;18;01b;01a;15;128;06;49;130;03;93;29;121;138;102;35;
19;13;45;76;102;84;107;75;19;57;39;71;47;110;130;01b;13;128;03;15;08c;110;24b;35;01;

