# sp53-16-f28c.jpg
01;02;05;07;45;06;29;30;17;19;02;06;35;21;50;60;26;05;11;02;61;36;17;16;55;46;10;08;09;21;50;26;11;41;64;64;02;42;25;47;93;44;14;68;36;32;20;01;16;66;88;02;84;50;13;20;05;53;19;25;20;09;25;36;77;08;20;11;44;06;16;35;09;
73;02;19;41;11;29;83;36;49;86;41;12;48;44;68;85;33;11;01;64;50;40;02;13;52;66;24;08;05;32;11;41;64;36;14;09;29;25;67;33;17;29;47;52;02;64;13;44;28;76;11;67;29;47;08;09;32;30;50;13;23;67;02;98;84;05;06;16;64;33;47;39;
06;08;01;14;17;52;67;08;02;11;33;25;31;50;19;08;20;05;87;32;11;25;02;42;66;08;13;09;63;84;44;11;56;73;39;41;87;11;39;50;13;25;26;44;69;36;49;38;41;56;11;02;28;50;13;20;05;21;18;36;29;67;09;17;22;16;86;17;08;44;
21;55;13;33;47;01;56;11;02;66;50;05;46;18;36;16;47;09;06;16;77;08;20;41;84;66;33;14;44;29;30;56;52;11;08;13;45;07;50;66;25;86;02;47;39;55;11;05;98;84;09;69;33;18;68;29;38;13;48;44;55;11;41;29;30;
56;36;17;67;52;11;33;26;02;59;77;08;20;05;06;36;16;64;08;11;09;85;06;02;20;08;44;11;38;36;30;35;41;32;66;44;55;73;29;67;41;68;29;56;08;01;40;33;02;68;29;56;08;05;53;50;13;20;41;18;36;11;50;25;13;67;55;91;66;
02;50;13;47;05;84;80;41;47;39;16;67;44;32;14;39;50;25;08;09;33;15;36;73;13;67;52;50;66;72;55;11;02;73;50;81;55;77;08;30;05;27;32;41;69;17;52;64;24;08;44;84;38;29;20;19;17;09;85;47;39;16;67;44;41;
83;29;32;20;01;38;36;17;11;50;66;13;02;06;29;11;67;25;20;05;68;36;14;09;02;42;25;66;44;85;06;35;41;11;36;25;83;09;11;39;51;13;49;26;01;30;36;16;25;08;09;42;52;47;39;02;66;50;05;02;32;20;44;38;36;17;11;51;66;41;
78;11;51;25;55;24;74;67;08;02;68;08;02;68;35;19;05;02;66;49;86;44;28;48;41;29;101;17;86;18;08;11;09;98;84;63;32;11;29;55;30;02;68;36;42;05;50;14;08;64;44;68;29;47;39;41;102;17;50;13;46;39;47;09;99;30;36;67;33;44;
06;52;64;29;73;74;50;66;01;27;32;69;18;52;66;24;08;09;79;11;33;17;19;52;47;39;02;87;21;25;29;30;05;87;14;08;41;47;39;16;67;09;103;44;06;16;86;41;68;29;56;08;09;32;36;89;33;73;67;13;17;47;52;64;46;
02;84;32;05;42;68;50;25;08;09;06;29;77;08;20;44;11;50;41;21;49;02;17;52;60;56;13;01;28;32;02;11;55;46;68;47;05;84;21;50;26;44;85;06;29;66;41;45;07;104;21;36;56;52;47;39;09;46;18;36;29;67;44;11;55;21;64;02;
02;84;36;15;67;17;08;19;33;05;30;36;11;74;20;08;44;27;30;50;41;55;47;01;11;67;18;36;46;39;47;02;56;69;02;66;05;32;17;36;24;50;13;08;20;35;41;84;85;42;17;18;38;36;01;78;68;16;20;69;55;47;39;09;11;67;74;82;44;
50;66;41;47;39;52;11;09;13;67;18;52;64;46;02;47;39;29;67;05;48;11;39;50;13;25;26;72;59;62;50;20;02;06;36;17;66;08;11;05;14;39;17;67;11;02;33;56;08;20;09;69;56;47;76;44;11;33;25;83;41;44;
02;56;47;02;84;32;52;20;05;68;85;13;44;98;84;85;41;50;47;39;36;20;01;06;16;77;08;20;09;68;86;19;02;36;25;83;05;40;17;74;47;52;67;39;44;66;02;42;41;59;29;11;44;50;32;20;02;06;36;17;64;08;05;
54;85;11;14;33;20;02;84;76;53;19;33;20;45;07;43;02;38;16;20;19;29;05;59;02;20;30;08;17;09;87;52;44;67;29;90;08;41;55;47;09;95;105;02;29;24;71;13;17;52;66;67;36;47;39;05;66;50;64;08;44;
65;29;17;67;52;73;56;49;16;20;25;35;02;85;70;56;82;86;05;40;74;47;39;44;32;13;41;67;68;52;64;46;08;13;09;78;06;86;44;11;33;25;83;41;69;29;20;11;02;66;11;44;85;02;42;08;66;45;100;86;36;47;44;
57;84;48;73;50;81;08;66;30;17;24;74;02;66;02;103;06;17;35;05;69;33;18;68;29;38;11;09;56;77;08;20;02;68;86;58;05;11;33;25;83;09;106;27;25;55;46;50;66;13;02;85;11;50;05;55;68;29;56;08;09;31;36;
11;52;18;08;26;41;85;42;18;52;77;08;66;02;14;16;47;05;36;107;67;33;18;52;08;64;24;08;09;48;68;29;47;39;44;84;68;52;11;41;83;55;30;36;25;52;67;86;02;98;84;05;32;35;41;30;50;13;23;67;
02;96;05;78;86;36;47;09;87;75;20;44;56;11;33;41;55;13;02;75;05;90;36;38;33;72;75;20;44;11;33;73;18;36;47;09;28;32;73;02;19;69;17;57;08;44;84;87;83;36;14;02;87;05;75;44;
73;29;66;09;85;75;47;39;52;64;55;08;44;74;47;41;108;68;50;13;33;47;39;02;56;36;17;33;35;05;06;13;73;39;44;67;68;16;47;09;55;47;108;44;06;16;18;56;33;25;50;13;11;41;11;36;24;18;08;47;09;
47;17;67;41;32;29;89;16;86;18;08;02;55;13;27;108;05;36;89;33;73;67;13;17;47;08;26;01;59;68;86;19;02;85;92;42;17;35;84;94;09;45;100;78;46;02;50;26;02;06;16;30;17;19;19;05;25;36;47;
96;32;13;02;25;50;66;46;05;31;36;49;29;86;08;11;09;85;06;29;64;52;83;02;25;26;44;73;18;50;01;05;08;11;41;47;39;17;67;02;21;50;26;05;25;17;86;08;47;39;09;02;66;48;44;69;33;17;11;50;66;41;85;76;72;44;
83;29;52;19;70;56;82;02;11;33;17;56;52;47;02;20;11;05;30;52;11;24;50;13;18;16;46;08;09;97;44;54;55;83;41;97;68;50;25;26;44;68;02;38;33;85;39;16;20;47;41;29;82;02;14;52;82;108;05;42;08;82;09;109;
28;67;55;29;08;
102;45;07;02;32;30;13;02;08;02;84;21;56;55;11;08;05;90;36;69;25;47;39;09;29;67;44;55;36;16;64;56;52;82;05;09;11;67;74;82;44;84;79;19;41;85;79;13;02;29;89;16;86;17;08;13;05;20;17;36;16;47;02;05;
17;56;19;50;20;11;09;11;67;52;82;02;18;52;16;08;05;73;39;18;52;11;47;09;55;36;11;56;13;44;38;20;50;11;69;33;17;41;29;82;02;68;55;11;05;21;50;02;31;44;28;67;64;73;52;02;66;13;41;85;44;38;18;36;11;
33;20;56;08;02;48;44;95;76;36;64;52;06;35;08;13;09;45;02;32;05;70;52;83;47;41;84;83;36;102;17;56;17;20;35;44;29;47;41;20;36;19;08;13;09;02;06;110;14;02;44;29;19;09;

