# sp53-16-f78a.jpg
56;07;03;92;75;66;04;60;09;12;121;93;103;08;10;119;101;110;88;14;72;16;69;
06;59;68;128;98;87;15;66;39;111;38;72;34;01;63;50;108;20;34;36;132;02;91;82;05;92;19;112;
101;05;68;10;126;53;54;124;95;34;30;95;77;75;04;118;34;23;128;21;104;10;122;101;107;07;36;
40;03;124;104;93;05;78;102;22;123;07;26;128;92;91;86;45;120;39;25;52;83;66;92;95;34;
57;102;133;03;10;68;105;11;108;39;16;14;45;92;69;06;22;109;02;112;54;64;17;18;39;
134;12;125;14;136;22;81;34;82;56;54;107;83;77;33;79;95;42;101;39;30;64;01;69;71;86;35;
51;05;128;92;55;110;27;60;35;64;74;68;89;92;129;121;19;133;84;138;03;15;65;67;102;77;88;92;
53;124;03;56;09;71;136;22;14;125;50;05;136;72;15;27;07;107;66;110;126;101;76;88;71;72;
130;128;53;55;21;82;08;92;126;83;47;86;119;38;39;45;01;15;93;50;104;59;55;132;82;95;35;
101;19;69;71;10;83;11;110;109;84;65;31;127;96;20;79;135;01;97;92;05;123;34;68;98;62;35;
102;100;03;45;118;72;67;125;115;136;69;40;108;92;82;48;72;121;20;119;114;137;117;113;74;84;37;
105;65;69;55;135;19;12;10;92;124;27;17;111;60;15;71;08;132;82;107;69;112;104;135;63;20;37;02;
05;12;92;25;133;26;101;94;111;48;54;124;68;84;23;47;72;61;89;101;105;96;83;05;128;92;121;
138;20;53;133;80;03;71;24;12;110;104;101;21;112;97;47;126;89;21;128;92;68;45;32;12;13;
83;60;124;14;48;132;76;07;92;91;88;51;66;102;40;05;44;41;20;92;65;135;01;20;64;68;50;
27;19;92;93;83;139;10;92;105;71;15;72;31;82;76;66;84;132;126;68;98;27;07;12;79;92;100;65;
02;34;01;05;54;107;136;115;39;111;68;73;14;116;50;84;45;105;96;63;20;112;118;101;34;
141;53;56;43;132;102;118;10;19;72;136;83;128;82;92;117;50;47;02;92;65;68;49;79;135;107;71;15;
44;03;69;71;03;138;30;15;128;46;20;109;91;92;126;59;20;09;89;112;83;20;135;01;34;66;140;

