# SP53-16-f29c-2.jpg
25b;41;25e;14;52;01;43;51;40;53;07a;01;19;44b;51b;42;31b;43;55;41;14;51b;52;51;53;27;40;12;50;51;02c;07;06;53;14;52;03;42;44b;
01;53;27;01;43;08;01;19;18;51b;25e;43;08;40;23;07a;04;51;40;12;27;09;23;43;51;55c;07b;56b;42;01;25b;14;42;21;01;50;43;22;12;01;42;
08;01;19;43b;51;42;60b;10b;43;25b;33;01;21b;30b;51;14;0;53;07;40;04;27;01;40;42;08;44;61;0;57;52;53;27;08;01;19;04;51;53;
49;40;14;0;23;43;51;04;07b;56b;42;01;02b;04;51;22b;25e;43;51;08;01;52;25e;14;52;50;43;42;30;0;30b;14;42;44b;51;53;0;49;
01;27;08;01;19;02;53;08;27;14;42;19;01;25e;42;01;62;25;19;01;43;25b;01;62;04;51;09;16;42;01;51;08;44b;43b;51b;12;23;07a;08;01;16;53;51;
22;12;01;42;01;61;51;27;43;12;51;01;0;43;51;06;25b;51;14;43b;51b;01;0;08;43;57;27;09;43;08;16;25b;04;52;23;31b;51b;07a;01;43;25b;
45;23;31b;01;42;50;25b;43;42;19;18;51b;08;04;25e;01;14b;14;27;40;43;08;04;0b;19;14;30b;51;01;07a;53;27;25;51;01;08;19;14;56;42;
23;51b;49;43;07a;08;04;27;53;25b;01;52;51;16;42;44b;52b;04;27;43;42;43;51;40;12;50;23;22b;51b;19;01;07;04;42;06;08;04;12;23;51;01;42;
08;01;42;27;01;04;51;0;14;43;52;01;51;08;01;19;14b;51b;07a;49b;01;55;01;08;01;07a;51b;43;10;51b;02;10;51b;49;07a;04;42;27b;01;31b;
49;43;52;25e;43;51b;49;52;04;42;51;44b;09;14;53;51;31b;51b;50;14;41;51;42;14;52;43;42;41;14;51b;52;27;43;08;14;25b;11;52;23;
49;07a;04;42;27;01;55b;19;01;43;25b;23;03;52;04;25e;49;25b;14;41;51b;25e;10b;51;61;43;42;41;06;27;40;04;0b;19b;31b;58;25f;49;43;52;
08;04;27;01;49;43;08;18;19b;31b;52b;02c;25c;43;08;19;04;53;01;52;0;08;04;25e;01;51;07b;56b;42;01;61;07;14;33;25e;01;41;19b;
21b;30b;22b;43b;50;07a;01;43;08;53;14;56;01;51;65;50;01;53;01;08;09;06;0;40;12;52;43;42;27;01;22b;09;14;56;51;14;01;53;01;07a;
53;43;27;40;04;14;42;51;43;07a;01;51b;52;40;23;25e;43;41;42;01;08;01;42;14;01;25e;01;43;42;51;49;14;51;40;04;02;25b;01;25;01;25e;49;01;27;09;01;
53;27;52;01;06;19;04;08;43b;51;19c;02b;04;51;46;43;41;19;25;49;52;16;27;01;19;23;49b;29;27b;51;14;23;12;01;52;25f;56b;56;52;
04;08;40;01;42;25;51;02b;25;53;19;04;51;27;07a;01;19;01;08;25f;42;01;53;01;52;27;14;25e;01;25;51;09;06;42;62;01;0;14;52;09;01;43;
52;64;18;02b;43;51;40;47;52;08;04;0b;09;14;56;42;01;43;52;01;21b;57;14;53;27;09;01;08;09;01;55c;61;27;52;01;19;01;08;55c;45;06;41;
02;01;51;08;27;14;55;0;30;62;23;50;18;14b;06;25b;51;14;25;27;14;42;31;23;53;01;27b;25e;43;41;56;51b;27;14;42;51;01;22;53;01;42;
27;23;51b;52;31b;04;07;01;53;01;07a;50;14;19;21;50;06;42;08;51;19c;25b;04;02;01;50;57;66;61;51;53;27;09;01;51;14;07a;08;43;51;55c;
60;01;51;08;27c;51;25e;43;41;07;07a;01;44b;19;04;51;27;14;53;07a;51;23;43b;51;31b;51b;51;27;43;53;0;01;0;18;61;51;14;25e;01;30;57;
06;55;66;45;04;51;09;43;49;25c;02b;50;14;19;07;14;50;02;04;19;56;08;41;19;51;19c;14;07a;43;42;41;14;53;01;07a;08;07a;
14;56;01;25;51b;27;43;08;14;25b;04;52;01;31;06;12;0;23;31b;14;53;52;25d;51b;09;14;25b;01;02;25b;46;25e;51b;52;31b;19;14;53;
02;08;25b;01;51;25f;56b;25b;01;47;19;01;53;49;40;14;42;54;14b;53;43;19;09;01;07a;01;42;08;51;57;04;19;01;43;25b;23;43b;55c;
09;01;43;52;61;43;51;04;19;01;51;04;52;01;56;19;16;43b;06b;22b;17;25;43;19;53;01;52;08;04;27;01;55c;31b;43;42;41;
06;27;40;04;19;01;55;08;25e;43;41;56b;49;52;01;04;53;19;04;08;04;43;25e;53;55;25;55c;14b;43;27;40;14;52;19;45b;25;60b;14;63;40;04;
42;04;0b;25;43;19;53;04;27;01;27b;25;02;01;56;43;52;01;14;52;57;14;25b;14;56;51b;27;14;42;51;04;19;01;52;43;08;04;0b;19b;
31b;04;16;25e;40;04;08;9b;55c;52;56;04;51;19;16;25e;23;09;14;49;45b;55c;55b;08;43;52;23;61;07;52;01;42;44b;49;43;52;
08;27b;51;14;07;52;43;42;52;44b;04;40;25e;49;06;50;57;01;56;09;14;40;51;01;52;56;43;41;0;25f;30b;49;01;52;57;03;50;25e;
01;08;16;51;01;49;43;52;08;01;51;31b;07;52;01;42;51;09;01;49;01;33b;55c;07a;07;43;53;14;52;51;25;56;46;52;19;51;06b;07b;19;01;51;
01;52;53;01;19;14b;33b;51b;09;14;42;01;51;08;19;04;0;49;03;08;04;0b;31b;43b;43;07;40;01;27;08;04;0b;25;51b;1b;31b;
51;33c;60b;25d;14b;55c;52;67;01;42;07;14;52;51;01;08;09;01;18;50;14;19;52;23;49;01;55c;43;51;60b;67;68;50;52;
43;53;42;08;55c;52;09;14;42;01;51;08;19;01;51;04;07a;51;18;55c;52;51;25;27;14;25e;40;43;42;62;49b;01;53;01;07a;62;10b;

