559 66 437 357 147 296 392 407 383 160 27 133 192 31 240 173 436 259 279 51 179 273 173
111 51 278 205 19 436 267 19 15 363 429 19 55 320 146 67 395 283 339 208 260 350 43 264
277 400 21 83 173 435 160 51 150 125 465 179 258 380 91 188 93 196 133 328 258 117 589
113 257 166 173 507 177 335 361 408 427 462 116 67 298 83 257 44 342_ 407 35 72 115
559 349 436 245 267 127 18 116 329 201 156 491 274 45 178 361 419_ 43 173 435 66 109
111 276 408 29 149 323 12 264 17 199 10 150 98 264 27 32 39 361 100 383 315 83 353 297
107_ 173 294_ 170_ 328 18 248 258 66 17 195 174 173 427 195 51 397 161_ 324 408 407 49? 51
607 66 218 19 44 399 395 18 100 79 363 102 112 167 46 296 174 437 329 207 379 408 83
218 178 98 204 181 196 212 91 174 489 476 174 515 10 149 48 380 350 435 124_ 407 83-
129 381 196 19 15 363 425 9 399 150 402 67 266 324 362 257 196 292 412 218 361 45 107
113 396 427 298 91 173 257 324 98 407 195 395 362 224 293 174 141 19 30 15 29 589-
99 244 296 436 127_ 361 407 98 133 326 82 561 491 328 258 361 151 87 173 419 150
103 350 27 533 362 343 19 399 150 402 298 66 436 217 361 294 51 150 351 328 312 174
393_ 292 10 388 350 462 60 10 298 44 257 100 218 89 297 350 81 195 27 499_ 60 99 105
107 319 176 55 339 297 329 379 408 44 217 435 124_ 406 100 380 129 402 178 370 242 48
113 98 133 381 104 258 293 31 240 174 436 276 361 350 270 242 108 180 356 83 94 361
97 426 83 315 396 234 82 55 312 350 436 186_ 66 45 383 18 55 491 339 333 51 462 507
589 173 257 383 90 150 363 407 174 434 382 90 408 275 59 87 66 357 436 173 428 105
115 29 110 436 10 46 407 34 17 362 399 258 173 177 32 273 223 293 178 370 315 273 99
113 361 326 35 178 129 343_ 276 205 174 156 17 197 328 27 562 44 358 212 75 86 312 107
99 350 435 124_ 407 44 381 11 139 34 186_ 11 93 459? 476 57 499 485 173 521 59 364-
105 88 325 60 381 83 260 133 395 45 125 197 129 381 161 352 34 77 197 312 328 27 562
111 179 87 90 198 66 341 379 408 83 217 343 19 293 489 476 173 515 351 275 328-
107 258 419_ 253 44 151 319 66 416 100 358 66 10 435 124_ 407 44 381 273 201 180 160-
607 87 90 287 175 185 205 264 169 83 129 98 198 13 260 44 381 293 178 296 147 296
127 252_ 56 260 223 90 150 57 44 90 151 414_ 23 295 223 44 510 350 462 395 280 180 312
113 104 297 267 174 257 331_ 175 435 124_ 407 100 381 66 150 464_ 244 295 340 296 130 99
117 257 33 200 98 174 436 176 361 491 358 343_ 406 35 27 350 264 319 11 416 44 358
113 436 66 296 329 351 562 129 173 254 174? 361 420 350 436 129 18 54 186 18
127 196 527 66 397 212 276 31 258 89 358 297 436 196 16 312 127 153 35 297 178 115
109 98 207? 174 380 83 196 212 114 115 125 567 609 117 109-
# clear: folio number 313 at foot (archive foliation)
# diffs vs DECODE: 14 lines changed
