# above: ne pourroit on pas dire que la cour de Pologne suit Podolie son propos (decipherment, partly)
99 101 296 339 376 315 329 176 361 349 257 166 177 507 398 47 179 395 344_ 150
# above: ce de tant st le garde
173 411 60 258 228_ 174 435 124_ 407 44 381 349 173 489 476 174 521 395 10 55 405 107
115 170_ 293 339 264 252 174 461 244 296 388_ 256 292 383 195 296 388 376 329 179? 343?
129 13 258 176 99 151 407 51 462 506 66 15 234 78 363 297 51 435 124_ 406 44 381 328
113 258 277 408 21 174 382 100 260 133 395 44 125 489 476 173 521 243 340 274
129 423_ 32 324 51 279 243 167 297 174 437 329 179 170 273 324 90 381 18 67 435 107
107 124_ 407 83 381 66 219 356 342_ 297 264 274 399 15 45 351 267 381 367 562 161_ 99
600 426 298 12 264 243 398 83 125 104 90 344_ 215 34 17 361 83 324 14 102 89 107
111 48 35 457 258 328 218 107 589 4 117 113 5 710 107 99 101 607 3 111 119 586 1000
4 99 103 105 107 609 3 570 115 103 586 113 97 309 117 111 380 1001 107 570 678 99-
105 6 111 29 119 678 103 105 440 107 109 3 657 105-
# clear: folio number 193 / 314 at foot (archive foliation); rest of page blank
# diffs vs DECODE: 9 lines changed (incl. line 10 missing from DECODE)
