# clear: du 5 9bre 1707 au quartier du Roy de Suede a ... le 5 9bre Mgr. ayant eu l'honneur de (heading/interlinear, decipherment written above lines throughout)
109 589 129 355 178 452 406 11 83 262 39 150 256 5 557 441 27 133 192 31 240 173-
117 294 98 10 435 124 407 83 380 257 29 178 545 174 81 248 205 350 462 116 66 248 44
257 45 10 36 407 67 489? 476 177 521 257 15 234 98 223 173 472 173 257 166 315 297 112 358 257
127 186 74 129 476 174 443 37 428 17 242 53 66 39 38 363 83 177 340 358 295 218 157 174
609 294? 170_ 343 161 420 361 66 380 44 252 350 328 150 349 462 506 257 436_ 262 150 267 109
107 151 246 436_ 257 562 326 27 8 381 50 326 381 98 66 258 33 139 81 360 45 320 248 129
125 376 197 74 160 395 283 19 361 258 176 102 177 407 98 10 87 90 239 351 380 382 376 416
107 300 371 362 66 395 173 437 104 297 15 234 81 223 188 248 212 75 86 312 301 293-
258 38 363 427 42 339 257 327 298 81 112 275 437 335 373 66 15 360 27 35 17 361 173 97
# above: (struck-out word) les Polonois
127 380 83 282 274 114 129 500 473 167 18 561 350 462 506 196 10 39 339 130 87 90 126
231 36 13 93 66 19 258 10 257 323 151 214 149 416 151 423_ 13 264 174 257 507 350 257 344_
83 14 363 39 129 416 173 459 476 174 521 66 181 426 427 53 399 150 374 418 19 44 37 39
559 326 380 91 83 129 151 252_ 381 293 188 248 100 147 383 396_ 426 561 425 562 74 129
107 248 177 66 288 131 335 438 380 32 13 257 12 258 350 150 464_ 83 197 436_ 262 361
# above: (struck-out word) excette
699? 380 98 427 43 87 77 343_ 407 106 406 174 361 60 205 157 236 426 98 196 507 339 109
113 296 329 380 261 27 23 297 98 173 31 504 298 324 81 16 361 173 427 426 264 123 44
229 264 174 266 92 324 126 329 12 260 102 315 160 57 296 169 343_ 350 150 81 405 255 18
358 34 193 360 196 511 349 257 149 58 323 22 297 351 534_ 46 115 509 619 97-
109 261 35 176 46 66 343 66 257 170_ 130 14 195 363 18 506_ 313 18 350 35 199 435-
107 124 407 44 351 295 329 10 14 150 39 406 257 166 315 297 279 255 159? 174 351 257 291 99
583 399 257 407 116 18 279 179 86 206 130 150 349 258 32 139 98 360 83 178 297 304-
115 19 258 14 416 196 507 56 257 501_ 26 407 174 217 49 296 340 387 407 426 81 383 315
117 196 534 161 424 461 174 415 276 296 51 314 462 506 66 257 379 408 83 217 399 264 107
566 169 100 356 267 129 312 383 396 427 562 180 18 44 174 384 81 407 349 243 437_ 83
119 151 242 179 15 234 35 223 293 174 150 152 407 257 126 273 47 515 176 102 350 160 150
107 464 179 257 353 410 66 416 343 19 175 381 44 123 45 35 147 312 326 27 9 196 198 173
111 371 362 390 66 435 124_ 407 83 381 309 341 246 91 207 135 18 55 358 35 147 312 329
113 302 335 179 257 185 26 416 273 264 300 27 361 426 49 350 173 340 257 264_ 356 129
426 312 18 14 363 407 129 284 98 235 255 100 236 31 17 248 195 264 197 312 329 197_ 363 426
117 48 296 382 48 258 20 313 173 328 30 205 27 195 244 297 181 206 43 313 329 350 436
105 296 258 214 83 383 18 55 395 213 98 66 436 491 178 246 173 248 205 18 351 339 376
# clear: folio numbers 192 / 312 at foot (archive foliation, not cipher)
# diffs vs DECODE: 17 lines changed
