563 368 176 361 14 407 293 174 257 331_ 174 435 124_ 407 100 380 173
119 340 358 197 38 363 395 298 205 160 244 247 223 349 14 197 328
101 150 356 282 173 152 42 361 83 326 90 179 196 129 47 363 170_ 57
119 349 244 340 267? 217 418_ 170 176 361 14 407 293 175 90 122 176
101 151 27 206 74 [?] 129 360 10 22 361 11 12 259 350 244 259
212 574? 83 380 97 244 398 83 125 418 259 361 83 324 14 47
337 119 491 117 109 564 117 101 111 117 109 103 99
# clear: after 99 a paraph/flourish (signature mark); archive foliation 347 at bottom
# note: line 5 group 6 lost in a tear (a final 5 or 6 stroke visible)
# diffs vs DECODE: 4 lines changed
