# clear: No. 20 (top left, later hand)
# above: a Dantzik le 28. 8bre cher Mgr ie me suis p ri ué pe
117 10 533 259 18 556 170 119 7 491 244 274 398 83 39 363 426 324 -
# above: n da quelque temps de l honneur des c ri re a ame ne de d
104 34 172 9 357 412 174 30 240 181 14 363 362 10 435 124_ 406 83 380 -
564 296 436_ 31 130 329 258 217 350 243 296 327 100 380 267 244 42 349
109 30 128 174 242 364 100 257 430 197 312 219 243 97? 350 257 427 90 -
103 407 320 186_ 10 416 196 129 312 197 18 218 19 67? 490 485 174 521 150
620 216 60 273 42 176 174 42 298 205 244 361 291_ 133 49 296 152 325
103 19 129 407 90 408 350 174 157 426 90 406 129 391 29 360 52 56 244 -
117 274 161_ 406 90 407 360 52 173 213 260 151 407 43 26 151 435 124_ -
101 407 83 382 174 257 12 195 10 14 351 383 416 356 10 218 407 117 109
564 309 129 315 100 361 22 259 125 258 391 29 360 52 264 168 100 174 -
117 150 351 10 197 19 174 324 90 150 175 340 395 174 331_ 195 426 42 360 -
103 179 258 360 338 358 267 196 213 360 350 26 133 19 428 407 129 -
119 411 358 10 197 18 337 328 288 14 361 176 47 57 328 275 83 129 544
101 156 259 343_ 247 176 150 349 259 390 173 435 124_ 406 100 380 -
564 341 47 368 311 178 324 48 17 317 125 259 356_ 258 168 140 42 409 -
103 408 218_ 393 380 100 420 83 273 30 22 361 257 273 298 19 362 -
20 188 248 100 197 160_ 338 19 196 150 257 188 257 426 48 427 273 -
17 47 236 298 277 52 296 341_ 246 59 208 226 18 361 161 407 59 103 -
119 257 42 363 426 19 178 391 29 360 52 10 219 26 418 150 257 243 267
574 133 160_ 49 298 349 264 317 83 174 435 124 406 83 380 339 264 -
109 304 83 149 360 141 296 83 69 197 267 315 11 186 264 317 83 339 264 -
117 343_ 276 19 361 83 10 259 32 39 259 406 181 356 83 243 90 133 -
563 192 129 153 297 331_ 244 168 174 331 42 129 343_ 27? 276 205 253 -
117 339 246 255 17 362 462 507 418 380 360 361 23 259 129 130 288 -
109 174 331_ 178 297 273 298 19 362 188 435 124_ 406 83 382 129 360 -
564 268 17 207 379 408 83 218 74 57 356 90 129 360 348 10 16 361 85
101 380 42 381 100 317 83 129 391 29 360 52 339 156 384 42 407 83 -
117 174 169 83 274 361 380 42 425 8 380 49 259 293 30 134 175 -
119 267 161_ 408 300 205 274 83 390 100 10 257 166 493_ 74 383 -
563 195 247 223 10 344 174 276 200_ 261 52 205 196 357 169 574 -
113 99 243 274 398 83 191 39 260 349 10 32 38 259 293 125 259 391 28
564 360 53 129 402 181 391 83 174 14 234 83 379 90 57 178 142 49 171 17 -
119 242 253_ 407 360 52 380 48 259 293 26 151 349 259 343 276 205 -
109 282_ 130 174 418 179 379 39 363 395 57 32 135 130 358 295 873 -
# clear: archive foliation 212 (bottom), 346 (bottom left), 350 (top right margin)
# diffs vs DECODE: 13 lines changed
