#CATALOG NAME: \Segr. Stato Spagna 1A\2\
#IMAGE NAME: 070r.jpg-073v.jpg
#TRANSCRIBER NAME: EHum
#DATE OF TRANSCRIPTION: January 9, 2016
#TRANSCRIPTION TIME: 53+47+38+50+48+59+48+50 mins

#IMAGE NAME: 070r.jpg
<CLEARTEXT IT R ?^, mons^,> <CLEARTEXT SP comí> <CLEARTEXT IT fretto Jo ? á/ó v.s. per ? Gioi da 
montepulciano H gualí ? da Roma alli XXV14^- .del
?, ni modo ES ? per ? ? es^- egli portó> <CLEARTEXT FR et> <CLEARTEXT IT di ^ per gallo 
es^- di  pui  v.s.Saucia inteso di bocca restera ? ?
dellí cosí di gua, et di guanto infino alsora segli poteur 
dar notitia^. , ? , circa la materia della pací, ?
per guesta causa principalí ístato mandato da S.B. ne
? te instutto di guaranto sí era útiatto della parte
di Francia ^., secondo ES V.S. Saucia inteso à quest^. sora
da lui Stello et per guesto no lo reflìco ? tá , asper-
tando ? ?  la resoluchoní , et risposta, ES S.?. ?
ces :^- l/Ci Saucia dato laguali pero S.S. ta no dubta ES
no siá per ? conforní alla necesita eshema, eS
sí la di guesta pací, et alla puedenti, et bonta della
de ta . Sua, et pero ? tanto ? deliderio si attendí
da S.B. ní il seguito ?> 7 3 4 5 7 4 9 0 3 5 5 7 5 2 8 0 6 8 0 5 7 3 8 0 3
3 4 7 8 0 8 5 7 2 0 3 2 7 6 5 7 9 6 0 3 9 3 5 2 2 7^. 0 8 7 3 6 5 7 5 6 0 3 5 2 9 8 9 0 8 5 8 0 4 2 7 4 9 
7 0^. 5 8 1 0 3 6 5 2 7 4 9 7 3 7 8 2 6 8 0 4 6 0 3 5 7 5 2 8 2 9 7 3 8 0 3 5 7 2 6 7 2 7 6 5 7 8 9 7 3 4 2 9
2 7 6 2 9 2 7 5 0 3 4 5 2 3 5 2 8 9 5 7 8 2 5 7 2 8 5 7 5 2 5 2 0 6 9 2 7 4 9 7 8 0 2 5 0 2 5 2 3 5 8 9

#IMAGE NAME: 070v.jpg
7 3 8 0 3 9 8 0 1 2 2 7 4 0 3 5 0 2 7 6 5 7 7 3 4 9 5 7 2 7^. 9 1 7 0 2 3 5 2 6 4 6 7 9 0 2 7 2 6 8 0 4 7 3 8 0 3
2^. 7 0 3 8 9 0 5 2 2 7 4 9 7 7^. 2 0 8 0 5 3 5 2 7 4 5 7 6 5 2 7 4 0 6 7 3 8 0 3 3 4 7 3 4 7 3 6 8 9 0 5 5 7
2 8 5 7 5 2 5 8 0 6 4 7 8 2 7 4 7 8 9 7 3 8 0 3 5 8 5 7 8 0 5 9 2 7 2 6 9 2 5 7 3? 8 7 8 0 2 4 8 1 2 6 2 7 8 2 7<- 7
5 7 7 2 4 9 0^. 5 2 7^. 9 6 7 7^. 2 0 8 0 4 2 7 5 0 4 1 4 0 3 8 9 0 8 5 6 2 8 0 5 2 9 4 0^. 0 8 2 7 4 9 7 7 3 4 2 7^. 6^, 0
9 0 2 7 2 6 2 8 5 7 8 2 0 3 8 0 1? 8 9 0 3 5 2 6 0 3 7^,? 4 0 8 0 5 7 3 6 0^. 5 8 9 0 8 0 5 8 0 5 2 7 4 7 3? 7 2 3 8 5 0 3 5 6? 7
2 4 7 8 0 8 0 7 5 9 7 7 8 0 3 5 7 6 3 4 9 2 7^, 8 0 3 5 9 5 0 8 3 5 7 2 8 5 1 2 8 0 4 8 1 8 5 7 8 2 5 1 8 2 8 9 0 8 3 5 7 2 8 6 7
1 8 2 0 4 7 3 6 9 4 0^. 2 7 6 4 8 7 3 6 5 7^, 1 4 0 3 8 2 0 3 5 0 2 7 6 5 2 6 7 7 3 2 6 8 8 0 4 2 7 4 0 5 5 0 3 2 7 1?
9 7 5 9 7 3 4 1 8 0 3 1 0 1 8 3 7 4 2 0 7 8 9 0 6 8 0 8 0 8 7 7 3 6 7 4 9 5 7 0 ^, 2 0 5 8 0 6 0 3 7 5 2 0 3 6 8 1 5 7 8
2 4 5 7^. 0 4 0 3 4 7 8 0 3 8 2 7 4 0 8 7 3 6 3 5 2 8 3 5 6 7 7 2 0 3 8 7 3 6 1 7 7 5 5 2 6 5 5 7 2 7 4 2 5 7 5^,? 4
1 1 7 2 7^. 5 7 6 8 0 5 2 5 6 0 3 7 2 6 0 4 7 5 7 4 0 5 0 5 2 ,6 0 8 3 5 7 2 8 8 0 4 1 5 8 0 5 5 7 5 2 5 8 0 6 0 6 3 5
5 7 8 2 2 7 4 7 2 7 4 2 8 2 9 5 8 0 1 9 8 0 5 7^. 2 0 3 5 0 5 7 8 0 5 2 7^. 0 3 6 0 5 2 5 5 7 4 0 6 7 2 6 0 3 8 5 7^. 0 4 0 1?
5 7 8 2 0 3 6 7 8 0 8 2 8 9 0 8 2 7 4 3 1 7 8 9 7 3 8 0 3 5 2 7 2 6 0 8 6 5 7 6 8 0 5 9 3 5 5 7 8 2 6 0 3 2 6 0
5 7 8 8 0 4 5 7 2 7 4 2 5 5 7 5 2 8 0 6 2 7 4 0 3 5 2 7 3 8 0 3 5 4 0^. 6 0 3 2^. 7 0 3 8 0 3 5 8 9 0 8 0 6 3 5 8 1
9 0 3 6 8 5 2 7 4 2 8 5 7 2 5 7 7 3 8 3 8 7 8 0 8 9 5 7 5 2 8 7 2 8 7 5 0^. 5 2 7^. 5 7^. 0 6 1 8 7 3 8 7 7 7/3 4 5 7 2 7 4 2 5
6 7 9 2^. 7 0 3 5 7 5 2 8 0 8 9 5 7 7? 6 5 5 7 3 8 9 0 8 2 6 0 3 9 7 2 6 0 4 7 5 7 4 3 5 7 5 6 4 2 9 4 5 7 8 2 8 0 8 2 5 4 5 7
8 2 3 5 2 8 9 5 7^. 0 6 5 7 4 0 5 5 7 2 7 4 9 7 3 8 8 0 8 2 3 6 7 5 2 9 7 3 4 2 8 9 0 6 5 3 8 7 5 0 3 6 4 3 7 5 2 0 3 5 0 5 7
8 0 5 5 2 7 6 4 2 7^. 5 7^. 0 6 2 7 5 9 7 3 8 9 0 8 6 7 7^. 2 0 8 0 4 8 2 4 2 8 7 3 6 0 5 7 8 7 7 3 8 2 9 6 7 1/2 5 7 4 6 7 9 1 7?
9 0 3 1 4 7 5 4 9 2 7^, 3 5 7 2 7 4 0 3 4 2 6 2 7 8 2 2 2 7 5 0 8 8 1 5 7^. 5 7 4 8 0 8 2 9 7 3 6 5 3 7 4 6 0 1 5 7 0 3 6 2
5 0 3 5 0 3 8 0 2 4 9 7 3 4 1 8 3 7 1 0 8 3 5 7 5 6 4 2 9 6 0 3 5 7 8 ,^2 6 2 7 4 0 3 4 5 7 1 2 8 7 3 6 8 0 1 9 8 0 4 7^. 2
0 8 0 4 0^, 5 0 8 7 8 2 6 5 7 4 0 5 8 1 2 6 5 7 4 0 8 2 5 7 8 0 3 5 5 7 2 1 7 3 8 7 0 5 7 3 8 0 3 5 4 0^. 2 7 4 7 3 7 6 9 3 5 ?
7 3 4 2 7^. 7 3 5 0 3 8 6 0 5 2 5 9 7 2 8 7 2 7 4 7 0 6 7 3 8 2 6 8 0 4 2 7 4 0 6 7 3 5 2^. 7 0 3 9 5 7 5 2 8 0 8 9 0 6 5 3 8 3? 5 0 3 ?
 
#IMAGE NAME: 071r.jpg
1 4 0 3 7 5 8 2 9 0 3 8 3 7 4 2 0 7 8 2 7 4 3 8 7 3 8 0 3 8 0 8 3 5 7 4 4 2^. 7 0 3 6 8 0 5 7 3 6 8 9 0 8 5 7 8 2 2 7 
2^, 7 7 8 0 4 5 0 5 7 8 0 3 7 3 6 0 8 7 5 7 4 2 7^. 0 6 3 7 5 9 7 3 6 5 2 3 5 2 9 0 3 8 2 7 8 7 8 0 4 7 5 1 6 9 4 2 7 4 2
8 2 8 7 2 4 7 4 7 3 6 2 6 2 7 4 7 2 7 2 5 2 9 7 3 1 8 2 7 4 0 8 0 3 1 7 5 2 7^. 0 3 5 5 7^. 0 5 2 7 4 3 8 0 6 5 7 4 0 5
9 0 5 7 8 2 5 2 9 7 5 2 5 7 3 7 2 1 8 0 4 9 7 3 6 1 7 5 5 2 3 5 8 0 5 2 7 4 3 5 7 4 0 8 0 5 7 3 5 9 7 5 5 0 3 8 2 8
8 1 7 3 6 7 5 1 6 6 7 0 6 8 3 8 5 7 0 6 8 9 0 8 7 7 3 4 1 8 7 3 1 8 0 4 5 7 8 2 9 6 0 3 5 7 5 0 5 8 0 4 5 0 3 2 7 1 7 4 
7 2 4 1 0 1 2 7 8 0 4 7 3 6 8 0 5 0 3 8 2 7 4 3 5 7 5 9 7 5 7 6 5 9 0 3 5 0 3 8 0 2 5 2 7^. 6 0 3 3 8 8 0 8 2 9 6 7 ?
6 8 1 8 9 8 1 5 2 3 5 2 9 9 2 7 8 7 8 0 4 7 5 1 6 9 5 7 5 2 8 2 7^. 2 6 7 2^. 8 7 3 5 8 0 5 7 9 8 0 4 0 5 7 5 8 0 6 4 7 3 6 
8 0 8 3 8/5 9 4 5 2 5 7 8 0 6 2 7^, 0 3 8 0 6 8 7 4 6 7 4 2 7 3 6 7 8 9 2 7^. 3 5 0 3 8 9 0 8 7 8 5 7 4 0 5 5 1 8 2 9 0 8 2
1 6 8 0 6 4 9 5 7 8 2 7^, 2 0 8 0 4 5 7 4 9 5 7 8 2 6 0 3 2^. 7 0 3 0^, 6 3 7 5 9 0 3 5 0 5 7 8 0 5 9 5 7 1 2 8 2 7 4 3 8 7 3
9 0 4 5 7 2 5 4 7 2 8 8 0 4 0^, 5 2 6 3 8 8 0 8 7 7 3 4 9 8 0 1 9 8 0 8 7^, 2 0 8 0 8 2^, 7 4 7 0 6 7 3 8 2 5 8 0 6 4 7 
0 3 6 1 7 3 6 8 0 6 4 7 3 6 9 4 0^, 2 7 8 0 9 0 5 2 5 5 7 2 4 7 8 0 6 0 8 3 5 7 3 5 0 3 9 0 1 4 2 7 5 7 8 0 4 7 3 6 2 7 4
9 7 2 7 4 2 8 2 9 5 0 3 5 0 5 7 8 0 5 2 7^. 8 0 6 3 7 5 2 5 9 2 7 4 7 8 0 2 5 5 0 3 8 0 2 2 2 7 4 9 6 7 8 0 1 9 8 0 8 7^. 2
0 3 8 5 7 5 2 8 0 6 8 1 3 4 7 3 6 2 7 0 6 1 4 0 3 7 5 8 2 5 7 4 0^. 3 8 7 4 2 0 7 8 7 3 5 4 o^. 8 1 5 7 8 2 7 7 7 3 
5 0 3 8 6 5 7 5 6 5 8 0 5 7  8 9 7 3 6 8 7 8 0 8 9 2 7^. 6 0 3 7 3 6 0 8 5 7 7 5 7 4 ^, 5 7 2 8 7 3 8 8 0 4 9 7 3 8 0 3 5 2 3 5 8 0 ?
9 0 6 8 0 6 2 6 6 7 5 7 0 7 6 9 0^. 5 4 0 3 8 0 2 8 5 0 3 8 0 1 8 0 8 6 9 7 5 5 0 3 8 2 8 0 3 8 2 7 0 3 6 5 1 8 2 5 6 9
4 2 7 3 6 7 8 9 5 7^, 3 5 7 2 7^, 2 5 7, 3 6 9 5 7 5 1/7 5 5 2 9 8 8 0 6 5 3 9 7 3 8 0 3 8 7 5 1^- 6 7^. 2 0 1 5 5 7 5 2 8 0 8 2 7^, 0 9
6 8 0 4 2 7^, 2 5 9 3 5 2^. 7 7 8 0 4 5 0 3 8 9 , 3 7 5 7 8 0 8 2 6 8 . 7 3 5 9 . 3 8 8 0 8 2 1 6 0 1 9 . 8 3 7 4 2 5 . 8 0 5 7 3 6 
9 2 7 5 2 6 2 7 5 2 0 3 8 . 7 3 8 9 0 4 0 3 7 3 5 8 0 6 . 8 1 4 3 6 7 6 9 0 1/2 4 6 5 3 7 2 4 5 7 2 6 6 . 5 7 8 2 5 7 6 1 2 6 0
5 7 8 8 0 6 9 5 7 2 6 3 5 5 7 8 2 2 7^, 5 1 8 7 7 1 4 . 7 8 0 3 9 0 8 0 5 8 0 4 8 2 7 0 3 8 0 6 5 0 8 0 6 . 9 2 7 4 9 . 7 3 6 3 4
0 3 8 0 6 . 0 4 0 3 7 3 5 8 0 6 . 7 2 4 7 6 . 8 1 0 4 0 2 6 8 0 6 . 7 3 6 5 7 7 3 5 2 9 5 0 3 5 7 5 1 8 2 5 9 . 2^. 7 7 7 3 4 5 7^.
3 7 1 0 8 2 4 . 6 7 8 0 2 5 8 0 8 . 7 1 8 0 6 9 5 7 8 2 7^. 2 0 8 0 4 . 1 8 2 0 4 9 7 3 5 0^. 5 5 7^. 0 6 5 7 4 8 0 1/2 8 7 1/2 8 . 2 6 

#IMAGE NAME: 071v.jpg
#COMMENTS: line 14 contains deleted numbers (35).
3 8 7 3 6 5 2 9 2 7 4 7 8 0 1 9 8 0 6 0 3 6 7 2 5 7 7 7 6 9 . 7 3 8 0 3 3 4 7 7 3 4 9 2 7^. 5 7^. 5 7 6 7 5 0 3 0 5 0 8 2 4
9 0 4 0 3 7 7 4 7 3 5 7 2^. 9 7 8 9 7 3 8 9 0 8 0 3 4 2 4 6 0 3 2 7^. 4 0 3 8 0 2 8 5 0 3 6 3 5 7 8 9 7 3 6 2 0^. 5 7 3 ?
8 7 8 2 . 6 7 9 4 7 2 8 . 7 3 6 8 7 0 7 5 - 8 1 5^. 7 8 8 0 8 9 . 0 3 4 0 8 0 5 8 0 4 0 1 4 9 7 3 5 7^. 2^. 2 7 8 2 2 7 5 0 8 7 3 6 5 7 ?
8 0 1 2 7 2 5 2 0 . 3 4 . 5 7^. 8 0 4 2 7 5 2 8 7^. 2 8 . 5 7 2 7 4 . 5 7 2 7 4 . 5 5 7 2 4 5 7 4 0 6 8 0 4 . 7 3 6 4 0 2 7 8 0 9 . 5 7 8 2
2 7 5 7 5 6 4 7 9 2 7^. 6^. 0 5 7 2 4 2 7 4 . 2 7 4 7 0 6 7 3 8 2 5 2 9 . 7 3 5 0 8 9 0 8 0 8 0 5 . 7 3 6 5 7 4 6 8 9 0 8 7 7 3 4 : 0 8 3 5 7
8 0 5 8 0 4 . 6 7 4 9 7 2 6 8 8 0 4 . 7 3 6 0 5 7 3 6 2 7 7 4 7 0^, 8 2 1 5 2 9 6 7 3 4 7 3 4 0 3 5 . 0 1 5 9 7 8 1 8 0 2 5 0 3
8 0 5 2 7^. 0 3 5 5 7 8 2 0 4 7 5 . 0 1 5 5 7 4 0 5 8 9 0 8 2 9 . 5 7 2 6 0 3 8 5 0 7 6 8 0 2 5 8 0 5 8 0 6 7 9 8 0 3 5 5 7 5 2 1 ?
7 3 6 2 7 5 9 7 8 2 7 8 9 0 5 2 6 4 5 2 8 2 5 7 2 7^. 9 6 7 7^. 2 0 8 0 4 2 7 5 0 4 9 0 3 5 9 3 8 7 3 8 0 6 3 5 2 ?
7 0 6 7 3 8 2 5 8 0 6 4 7 9 8 1 0 3 8 1 5 2 9 0 3 8 2 7 5 9 7 5 6 4 7 9 5 0 3 8 2 7 5 0 3 8 2 7 5 0 3 1 3 7 6 8 9 2 7 0 3 6 ?
4 8 0 8 9 0 8 2 4 9 8 9 0 8 2 7 3 5 8 0 8 2 7^. 8 0 3 5 2 7 4 9 7 8 0 2 6 2 2 6 0 8 0 3 6 9 7 3 5 7 5 2 6 5 7
5 0 3 8 0 2 4 9 8 3 7 8 8 0 4 2 7^. 5 7 8 2 0 3 5 7 3 6 3 7 8 0 5 7 3 5 0 3 8 0 1 2 2 7 4 0 5 2 5 5 7 8 2 ?
5 7 9 8 0 4 0^. 5 5 7 5 2 5 8 0 5 7 3 6 2 7 4 9 7 2 7 4 2 8 2 9 7 8 0 3 3 4 7 3 4 0 4 5 7 2 5 7 3 8 8 ?
5 0 3 5 2 3 5 8 0 5 7 3 8 0 3 8 7 5 6 6 5 7 8 2 8 0 1 9 8 0 4 7^. 2 0 3 4 2 7^. 5 7 5 8 0 6 2 5 7 4 0 3 8 9 0 1 8 3 7 4
9 0 7 8 8 1 2 7 6 4 2 7 4 9 7 8 3 7 8 . 8 0 4 . 0 5 2 5 9 . 6 7 3 4 7 1 4 2 7^. 4 0^. 5 2 5 7 7 5 1 0 5 ?
2 8 9 0 8 0 4 2 7 8 9 7 2 8 7 0 5 8 0 6 0 3 . 7 5 8 0 5 9 0 . 3 8 2^. 7 0 3 6 0 1 8 3 7 . 4 2 9 0 7 8 5 7 8 2 4 9 4 0^.
8 0 2 8 2 7^. 5 7 8 2 0 3 4 2 9 0 8 0 8 9 0 8 5 7^. 0 4 7 9 4 7 5 2 5 7 7 3 6 9 2 7 4 3 8 6^. 0 0 5 7 2 ?
7 6 0 6 3 4 8 1 7 2 7 4 0^. 5 2 7 4 0 8 0 2 8 8 0 5 5 7 3 6 1 6 7 3 8 1 2 0 3 8 9 6 7 9 5 7 6 1 5 7 5 2 8 0 6
8 0 2 5 0 3 8 2^. 7 0 3 6 8 0 3 4 5 6 1 8 0 4 7 3 6 9 1 7 7 5 5 2 6 5 9 0 8 7 7 3 4 0 6 2 7 4 0 6 4 7 2 0 ? 
7 5 5 8 0 5 5 7 3 9 6 7 0 8 0 5 7 0 2 5 9 7 3 6 9 4 0^. 2 7 8 0 9 0 3 5 2^. 7 0 3 6 7 0 6 7 4 9 5 0 3 1 2 7 ?   
2 7 4 3 8 9 6^. 0 0 5 9 7 8 2 6 7 2^. 8 9 0 8 0^. 5 6 0 3 2^. 7 0 3 5 6 1 8 0 4 0 8 7 7 3 4 0 6 3 4 0 6 3 7 6 2 9 3 5 8 0 ?`
5^. 7 9 6 7 2 4 3 5 9 2 7 4 9 7 3 4 7 0 9 7 3 6 7 5 2 5 7 1 8 0 3 5 9 8 1 7 3 5 8 0 4 7 8 9 7 4 8 0 6 2 7 6 ? 9 0 

#IMAGE NAME: 072r.jpg
9 0 1^. 5 7 8 2 2 7^. 2 7 4 0 6 9 . 8 2 5 2 6 2 7 8 2 2 7 5 8 0 5 0^. 5 0 3 1 4 0^. 5 1 4^. 0 3 1 8 0 4 7 3 6 9 5 7 6 1 2 7^. 0 3 5
4 3 7 8 2 8 0 5 7 3 8 0 3 9 . 5 7 2^. 8 3 7 8 8 0 4 5 . 6 1 9 0 8 4 0 6 3^. 7 5 2 7 6 5 5 7 1^. 9 7 2 0 3 6 2 7 5 3 8 7 8 0 9 
6 7 7 3 6 8 8 0 5 9 6 7 7 4 3 8 7 3 6 9 0^. 5 6 0 3 2 7^. 0 8 7 7 3 4 0 8 0 5 8 0 4 9 8 0 8 5^. 7 8 0 4 9 7 3 5 0 3 1 8 0 7 4 1 
? 3 6 9 3 4 7 3 8 7 5 5 7 8 2 0 5 8 0 6 0 3 7 5 7 9 5 7^. 2 0 8 0 4 7 3 6 0 6 9 7 3 8 2 6  4 8 1 6 7 . 0 8 0 5 7 0 7 5
9 7 3 6 4 6 9 0 1^. 7 8 4 2 . 6 2^. 7 8 1 1 8 0 4 1 0 3 8 0 6 3 5 9 3 8 7 8 0 8 9 0 3 5 2 6 0 5 7 4 0 8 0 5 2 7^. 6^. 0 1 8 7 3
2 5 5 7 8 2 0 3 4 6 7 9 2 ? 0 3 1 0 4 2  7 5 5 7 6 9 8 0 1 0 3 4 7^- 3 8 0 3 5 7 2 8 3 7 5 8 0 4 3 4 7 3 8 7 5 5 7 8 2
6 0 3 2^. 7 0 3 2 7 5 5 7 6 8 0 1 0 3 4 6^. 0 5 7^. 0 4 0 3 4 0 3 4 2 . 7 4 9 7 4 0 2 7 8 2 5 2 7^. 0^. 5 8 7 3 6 7 5 6 5
4 7 2 0 3 6 7 5 5 8 0 5 9 5 5 7^. 3 5 5 2 7 ? 2 9 7 3 8. 0 3 5 0 1 3 5 7 3 8 0 3 5 6 2 8 0 4 3 7 6 2 3 5 8 0 4 8 1
4 3 7 8 2 0 4 9 3 5 2^. 7^. 7 8 5 7 2 7 4 9 7^. 2 6 7^. ? 0 8 0 4 2 6 3 5 7 .7 5 5 7 4 . 9 7 2 8 7 9 2 7 4 9 7 8 0 8 4
8 0 6 7 3 6 3 5 7 7 3 4 7 8 3 4 0 3 9 8 0 4 5 7 6 1 7^. 2 0 8 0 4 . 2 6 0 5 7 8 8 0 4 5 7 3 1 7 7^. 2 9 7 3 6
5 1 8 2 9 5 2 7 4 9 7 2 7 4 2 8 2 9 2 7 4 9 7 0 3 5 0 5 7 8 0 8 9 6 7 9 2 7 7 5 5 2 6 9 6 7 0 6 8 3 8 2 7 4 9 7 0 3 6 5 0
3 8 0 2 6 2 7 5 2 6 7 2^.9 7 8 2 7 8 0 5 2 6 6 9 2^. 7 0 3 6 5 0 3 5 0 8 7 7 8 5 5 7 4 0 8 0 4 0 3 9 5 7 8 2 0 3 5
7 3 6 3 7 8 0 5 7 3 6 5 7 2  7 4 9 7 5 8 1 2 7 6 ? 6 8 0 ? 2 8 7 2^- 5 9 8 ? ? ? ? 8 0 2 6 0 3 1 4 7 2^. 3 5 2 6 8 0 6 3 9 6
8 1 5 7 8 2 0 3 5 7 5 1 5 2 7 3 6 5 9 7 3 8 0 3 8 8 0^. 8 1 8 7 3 6 9 0 3 4 3 7 2 5 2 7 3 6 5 9 7 3 8 0 3 5 2^. 7 0 3 8 5 ?
2 7 4 5 7^. 0 6 5 7 1 4 3^. 5 7 2 ? 5 2 9 1 4 0 3 8 7 7 7 4 8 0 8 7 8 2 9 7 8 8 0 4 7^. 2 0 3 5 7 5 8 9 0 8 5 7 8 2 0 3 6 2 7 5 0 6 
2 7^. 9 5 7 4 8 0 8 9 0 8 2 4 0 1 2 7 8 9 7 3 8 2 6 7 7^. 2 9 8 0 8 9 0 1 0 5 7 8 7 0 6 7 9 6 7 3 8 5 7 6 3 6 9 3 7 5 2 7^. 0^. 5 5 ?
5 7 4 0 5 4 2 5 9 0 5 7 8 2 7 6 3 7 6 2 7 5 2 9 7^- 2 0 3 4 2^. 7^. 0 6 5 5 7 8 2 7 3 5 2 9^. 4^. 7 2 6 2^. 7 4 9 7 3 6 0 3 5
5 7^, 0 6 0 5 5 7 8 9 7 7 3 4 5 7^. 2 7 4 2 5 7^. 3 5 3 7 5 3 5 2 8 0 8 9 1 8 2 5 0 3 5 3 5 7 5 6 4 2 5 7 6 8 7 5 9 3 5 7 2 5 0 8 0 6 8 1
6 0^. 7 8 0 8 0 6 5 9 0 6 2 7 1 2 5 9 8 1 0 3 4 5 7 2 4 3 8 8 9 5 8 1 9 2 7 4 9 ? ? 7 9 2 3 6 3 7^, 7 3 6 2 7^. 2 0 3 4 2 7^.
9 0 6 5 7 4 8 ? 2 5 5 7 8 2 0^. 5 5 7^. 0 6 0 3^. 5 0 2 7 8 2^. 5^. 9 5 7 5 2 8 0 8 9 5 0 3 2 7 1 9 7 5 6 7 7 3 2 6 8 8 0 4 7 8 9
7 3 8 5 7 2 4 7 8 0 8 0 7 5 9 7 8 9 7 3 6 8 3 7 8 8 0 4 8 1 8 0 5 7 9 0 0 4 1 4 0 3 8 7 8 0 6 8 2 6 9 2^. 7 7 8 0 4 0 6 3 3 5  
2 7 8 9 0 8 5 7^. 8 2 1 0 4 9 8 1^. 6 7 8 0 8 2 8 9 0 8 5 7 2 4 5 7 6 4 7 3 6 0 5 5 7 8 2 2 7^. 5 7 8 2 8 0 5 0 3 8 8 0 8 0 6 3 5 

#IMAGE NAME: 072v.jpg
#COMMENTS: Difficult to read the cleartext.
7^. 2 0 3 9 ? 3 6 4 0^. ? 7 8 0 9 5 0 3 5 2^. 7 0 3 9 5 7^. 5 1 4 0 3 8 9 3 5 7 2 7 5 2 8 9 6/0 7 5 0 3 2 7 1 7 3 4 7 3 4 8 1 5 7^. 3 8 7 4 5 7
8 2 5 3 4 2 9 0 1 4 5 7 2 6 1 5 8 0 4 2 7^. 5 7 8 2 6 0 3 9 ? 6 6 0 8 0 5 7 8 8 0 4 5 7 1 7 2 0 3 6 2 9 4 8 1 2 7 4 3 1 7
<CLEARTEXT IT Quanto allapasta delli intendetti ? do finitto a C/longo à V.S.
? montepuli no no mí accadí replica alto seno ? ?quello
di osma si manda co^- questa à V.S. il breuí ? mèe letten´
Ce promisi ? hitto si é fatto ? à s. ? ta ces a et not ?
la causa cosi ?, per le ragioni feritto lí allon 
nesta ? v.s. facci sora tanto pui instantia coma´ regio
neuolm .te puo fon, ? fegua la obedientia, ? altiment.
Si preiud ? tioppo allo riteneste et sonori di q ´ santa se
H ES S . M. ta no debbi ? et ?´ cosa sonesta. ES S. B. ne ne
tenga poco conto.
Quanto alli apparati ? se se si ancor sio fini SS. M ta . si
ben auifato ? no <SP dinero> ? dri Ancon l/Ci
auisi alligati et parendomi ? fieschi et di bon lo co ne
so uoluto mandar copia à V.S.>
6 9 0 3 0 6 7 5 7 4 2 9 2 6 7 3 4 0 3 3 7 4 9 7 5 4 7 0 7 5 7 5 5 9 3 7 6 4 0 3 4 7 3 8 0 2 0 6 7 5 7 4 2 9 7 5 6 4 1 5 7 9 3 7
2 5 7 2 7 8 0 2 7 4 9 7 3 8 0 3 2^. 7 0 3 0 6 8 0 0 5 2 5 2 0 5 . 1 4 2 7 8 2 7^. 7 4 1 5 3 8 7 8 0 8 . 5 5 7 2 8 0 4 . 2 7 4 9 7 7 3
4 8 0 5 . 7 3 5 9 ^.1 0 0 6 2 6 7 3 1 0 8 9 9 5 0 3 6 7 5 6 7 2 7 6 5 7 5 0 5 8 0 ´ 6 . 5 7 2 4 0 6 3 6 7 8 0 3 5 3 7 4 2 8 0 8 0 7 5
9 7 3 6 0 3 1 0 7 5 2 5 9 2 7 5 0 8 0 8 0 3 4 7 8 0 3 9 . 3 5 7 8 0 4 1 5 7 4 7 3 8 0 . 3 0 6 7 4 7 4 2 3 5 0 6 3 6 5 9
0 1 4 3 7 2 5 9 8 0 8 0 3 4 2 7 4 9 7 2 . 7 8 2 8 0 . 4 7 1 3 8 2 4 7 3 8 3 7 5 7 8 0 6 9 8 1 2 7 4 9 7 7 3 6 3 4 0 8 0 2 5
8 0 6 4 7 8 9 7 3 6 1 4 0 3 8 2 7 8 9 3 7 5 2 7 3 8 0 3 6 5 0 3 8 0 2 5 . 9 0 3 5 0 2 7 6 4 7 3 6 5 7 4 6 7^. 2 0 3 0 3

#IMAGE NAME: 073r.jpg
1 4 7 5 4 . 4 5 7 8 9 2 0 3 6 5 7 2 8 5 7 5 2 5 3 8 7 8 0 6 2^. 7 0 3 . 6 6 ? 8 0 8 9 0 8 . 3 7 5 2 0 6 7 2 5 0 3 3 5 2 2^. 7 0 8 
7 3 8 0 3 1 5 0 8 4 . 9 5 7 8 2 5 7 7 3 5 . 2 0 3 4 . 5 0 3 8 1 5 2 9 5 7 8 2 3 7 4 2 0 7 5 9 4 5 7 8 2 5 0 3 8 0 2 4 2 6 0  
5 7 8 8 0 4 9 . 4 7 3 6 0 8 7 5 7 4 1 1 4 9 8 1 0 6 8 1 8 7 1 8 0 4 5 5 7 4 2 8 7 9 5 7 1 6 9 2 7 5 0 8 0 8 0 3 9 0 1 4 1 7 2
4 5 7 6 4 9 7 8 0 3 8 0 8 7 6 8 0 4 2 6 4 9 7 3 6 5 7 5 2 3 5 9 6 0 3 2 7 0 3 0 3 1 4 7 5 4 9 5 2 7 4 3 6 7 2 7 6 5 8 0 4 
5 3 7 4 2 8 0 6 3 7 6 2 7 5 2 9 0 8 7 5 1 6 8 0 5 7 7 7/3 4 5 7 1 2 8 7 3 6 7 7 5 2 9 3 5 0 5 7 3 8 3 7 5 7 8 0 6 . 1 7 8 2
5 7 2 7 4 2 5 5 7^. 0 6 8 0 2 7 4 5 7 8 2 9 8 0 4 0 8 7^. 2 0 8 0 4 3 4 8 0 4 8 5 7 8 2 9 0 8 3 5 7 0 3 6 7 8 . 0 3 8 7 5 8 
2 8 0 7 5 9 7 3 8 0 3 7 3 8 8 0 4 2 6 7 3 4 0 3 3 7 4 . 9 4 0 8 5 7 1 2 8 9 5 0 8 2 7 4 9 . 3 7 4 7 7 3 5 3 8 7 8 0 4 3 0
7 5 6 4 2 9 . 3 5 6 7 . 2^. 7 0 3 1 7 2 7^. 3 4 7 3 4 0 6 0 6 5 9 5 7^. 0 6 8 3 5 7 2 7 5 8 0 4 7 3 6 7/3 3 5 2 9 5 0 3 2 8 1 9
0 3 8 7 5 5 8 0 4 9 . 2 7 5 0 3 7 3 6 0 6 3 4/9 2 7 4 5 6 0 6 4 7 9 2 7^. 2 7 4 9 4 7 5 7 6 4 5 7 4 2 8 0 1 7 4 2 6
3 8 7 3 6 4 8 8 0 6 5 3 7 3 8 0 3 5 3 7 4 2 0 7 ? 5 7 3 4 6 . 7 2 6 0 2 7 5 . 5 0 3 7 3 8 8 0 4 . 0 6 7 5 7 4 2^. 6 7 3
4 0 3 3 7 4 9 . 2 7 4 0 6 0 3 5 3 7 4 2 8 0 6 3 7 6 2 7 5 8 0 6 4 7 . 7 3 8 0 3 9 . 2 7 5 0 8 0 8 0 3 4 9 . 2 7 4 3 8 4
7 5 7 5 0 3 8 0 2 5 9 5 7 3 1 7 5 8 0 6 4 7 . 7 3 6 7 5 8 . 7 8 0 6 5 7^. 1 4 0 3 8 7 7 3 4 0^. 5 5 7 8 2 3 8 8 0 8 2 9 2 7^. 7 8 0 3 0 1
4 7 3 4 7 6 7 6 9 4 . 0 6 5 7 4 0 5 7 3 5 2 9 3 5 8 ? 8 2 6 9? 4 3 7 4 3 8 7 8 0 4 5 7 3 6 7 4 1 5 8 0 6 4 7 9 5 0 3
2 2 1 9 7 5 8 1 5 7 8 2 7^. 2 0 8 0 4 8 3 7 8 8 0 4 9 0 6 8 7 3 6 7 5 6 5 9 2 7 4 9 7 7 3 4 8 0 4 6 . 7 5 7 5 2 3 5 9 2^. 7 0 3 2 7^.
7 1 3 8 2 4 7 3 6 3 7 5 ? 8 0 6 5 7 8 2 ?^. 5 1 8 7 3 8 2 5 0 6 6 0 3 0 1 2 7 8 0 4 0 8 2 7 4 7 7/3 3 4 6 0 3 9 2^. 7 0 3 8 0 6?  
7 5 4 ? 8 2 7 5 1 5 9 0 3 5 ? 2 4 ? 5 8 1 6^. 0 7 8 0 5 2 5 5 9 1/2 6 0 5 8 0
<CLEARTEXT IT Dopp a la partita del Montepescali no no su Rir to . alti lié di V.S.
Saluo  ES una, di 7^- delpaslato còl dupp. to suo ,  allagalé , et Hallo
? di sopra , i suritto, et per guello ES le ? le ultìme, i us^. -
posto à bastante.
Delle coh' della ? di spira V.S. alla ur . ta di guesta V.S. ne
Sauera noticia pui partiular, ? io per guesta no fotier' ?>

#IMAGE NAME: 073v.jpg
#COMMENTS: Difficult to read the cleartext.
<CLEARTEXT IT peres per lí ultimí luí es/t ci fonò debres uo di modera, ?
qali i, il capto eS per questa si manda, ? imtendó, ES ?
fusi ancora fermato del putto su modo Es no ni poteu ?
l'ultima resol ne ancor ES quanta al acuto contra al ?
pareua ES le cosi fusleio quanti ES Stabibíte per quella som´
et per quel tempo ES per prima ? resoluto.
Restauri ? . á V.S. le ? mie di ? et quelli del Puor 
mis fretto per conto della sua ?, della qal ^. ancor ES
elli per seflent sia beni in sonata sara no <SP dinero> co quel
un nem. le' del corter' ? ?  informatione di quanti
si ? ? da lei quella ? sara contenta di seu
à cori l'una et l'alta cosa, serondo il fuo soli
Ricordo li ancor di ? le lui di S.M. ta H ' An/r . uo d
? et gli racc do strettiam te questa ? 
sara an ES qui alligata in mem. Ce ? ? no de ? ?
B. ne ?  eS . VV. no ? di ? ? ^. per lo
? puo co della sedi ap la  ?conto suo partiro?
estendo comi so detto persona ES no merita ?
doneto. ? à V.S. mi offero ?
Da noma alli XY. di Aprile 1542>