#CATALOG NAME: Segr. Stato, Portogallo 1A\1
#IMAGE NAME: 022r.jpg-027r.jpg
#TRANSCRIBER NAME: Callum edited by BM 
#DATE OF TRANSCRIPTION: Summer 2015, December 29, 2015

#IMAGE NAME: 022r.jpg
<CLEARTEXT IT Molto M? do S or mio Colle??>
<CLEARTEXT IT Quádo auisai dl receputo d le di . N . s .  dl ultimo di octobre li
scrissi la dificulta trouai ne la prima 2 2 2 4 4 2 5 6 1 2 4  1 2 2 7  2 3  8 0 5 
2 5 4  1 5 0 7  2 5 0  1 2 6 2 4 1 2 4  6 1 7  8 2 1 7 0 2 4   4 2 5 0 7 1 3 0 2 4  0  1 7 0  2 2 2 4 2 2 1 0 5 0 
1 3 0 1 7  1 2 2 2 1  0 7  1 3 4  2 5 2 2 4 0  <CLEARTEXT IT da poi d la guale prima> 2 2 4 2 4  2 5  6 5 5 0 
1 3 0  1 7 6 5 1 1 2 7 4  7 0 1 6 0 1 1 6  2 1 2 1 7 2 5 0  4 1 7  2 5 2 4 0  7 0  1 4 8  2 4  0 2 1 0 1 3 6 2 7 0  1 2 2 7 
2 2  0  2 4 5 8 4 5 6 2 7 6  7 0  1 2 2 7  2 1 0 2 5 0 2 4  1 7 6  2 5 6 2 1 2 2 4 0 5 0 2 4 8 4  2 5 2  6 1 7 
1 3 0 1 2 2 2 4 2 <CLEARTEXT SP comi la mi cománda> 2 2 2  2 5 ^. 0 2 4  7 0  1 2 4 8 4  2 4  4  1 7 2 5  2 4 2 
5 0  7 2 7  1 2 1 6 0  1 4 4  2 4 6 4 7 2  2 3 8 4 7  2 5 2  5 6  0 2 4 4 7 2  2 2 0 2 4  5 1 2 2 4  6 2 5 2 5 2 
2 1 0 1 2 2 2 1 1 1  7 6  1 5 4 2 5 6  7 2 7  2 2 2  2 5 0 7 1 3 2  2 2 6 8 . 1 2 1 6 0  5 0 1 7  1 2 2  2 1 0 7 1 3 4  2 5 2 
2 4  0  1 6 4 8 6 4  2 2 2 4 2 2 1 0 5 2  7 2 7  0 2 4  4  5 2 5 4  2 5 2  1 3 0  1 7 2 2 4  1 2 2 2 1 2 1 6 5 5 6 
2 7 0  4 7  2 7 6 1 6 4 8 6 4  1 2 6 2 1 4 4 2 5 2 5 2 2 2 0 2 4  2 4 8 6 7 4  2 4 1 7 6^_ 1 2 2 7 1 8
2 2 2 4 2 2 1 0 2 5 0 7 1 3 2  2 3 8 0 1 7 1 7 2  1 2 1 6 0 2 4 4  1 2 0 2 4  2 5 2  7 2 7  2 2 2 2 5 6 4 7 2 
4  2 5 0 7 1 3 0 2 4 0^_  1 7 4 2 1 0 7 2 5 4 7 1 3  2 5 5 6 1 3  6 1 7 8 6  <CLEARTEXT IT sopra modo> 1 2 1 6 0  1 7  6 1 6 4 
8 6 4  2 4 2 1 1 4  2 5 6  . 1 2 1 6 0 5 4 2 2 6 4 7 2  1 6 4 8 6 4  2 3  8 4 2 5 2 4 2  2 1 6 1 7 6 4 
1 3  8 .: 6 7  1 1 4 7  1 2 2  6 7  2 4  2 2 1 4  1 7 6  2 3  8 4  1 7 6  0 2 4 4 7 2  1 7 2 2 4 2  . 7 0 1 4 4 
1 2 0 8 4 7 2  5 0 2 4 8 6 2 5 6 2  4 1 8  1 2 1 6 0 5 0  1 7 6 2 2 6 1 5 1 7 6 4 5 5 6^_  8 6 5 2 5 4  2 5 4 1 7 
2 4 0 5 2 1 7 8 2 5 6 2 7  0  1 7 6  1 3  6 5 5 6  6 7  1 4  4 8 2 2 4  1 3  0 1 7  1 2 2 2 1 0 7  1 3  4 2 5 2 2 4 
2 3  8 0 1 7  1 2 1 6 0  2 1 6  2 2 4 -2 4 5 0  5 8 1 5 6 2 7  1 5 0 7 1 3  2 1 7 6  2 2 2 6 1 2 1 6 0 1 2 2 4 0 1 3  6 
4 7 2  1 6 4 8 0 5 5 6  1 2 6 2  1 4 4  2 5 2 5 2  2 2  0 2 4  2 4 8 6 7 4 2 4 1 7^_ 6^_ 7^_ 2 7  1 3  2  8 6 4 
7 2  1 7 2 2 4 2  4 1 3  6 2 1 2 2  6 2 4  1 7 4  5 8 4  2 1 4 1 7 4 8 2  1 7 2 7 2 5^_ 4^_   1 2 2 2 1 0  1 4 4 1 2  0 
8 4 7 2  7 2 7  4 2 5 0 7 1 3  0 7 1 3  2  6 2 1 2 2  0 2 4 2 1 2 1 6 0  . 1 8  . 1 7 6 5 8 6  2 1 6 7 6 5 2 5 2 4 6 
5 6  2 4  0 2 2 8 2 5 4 2 4 6 4 7 2  6 7 1 5 4 7 4  2 5 6  8 0 1 3  0 7 1 3  2  0 5 5 6 2 4 0 5 2 5 4  2 4  

#IMAGE NAME: 022v.jpg
1 2 2 7  2 5 0 7  2 5 6 1 3  0 1 7 0 2 6 2 2  0 1 3  6 2 5 6 2 7 0  . 2 1 4 7 1 2  4 2 4  1 3  0 1 7  6 2 1 0 2 7 6 1 7 4 8 6 4 7 2 
1 2 4  8 5 4  2 5 4  . 2 2  2 4 2  1 2 0  1 3  0 7  1 3  2  5 5 6  1 3  6  2 3  8 0 5 2 5 2  2 1 2 1 3  2  1 3  8 1 1 6 2 5 4  8 2  7 0 1 7  1 4 8 
2 5 8 2 4 2  2 4  0 2 5 2 4  2  8 4 5 5 0 2 4 2  1 8  . 2 5 8 2 5 2 5 6 1 7 4 1 7  2 5 2 4 6  1 4  2 4 0 1 3  6  . 2 3  8 4 7 2 5 
7 2 3  8 0  1 3  8 8 5 5 6  1 2 0 2 4 2 5 2  7 2 7 4 6 2 1 4  7 1 2 1 6 0 2 4  6 4  1 3  0 1 4 4 2 4 5 0 1 7 6 6 8 5  2 5 6 2 5 6 4 
2 2 0 2 4  2 1 2 1 6 0  1 3  4  8 7 2  4 8 7 4 1 7 2 5 2 4 2  2 1 2  1 3  2  6 2 1 2 2 2 2 4  2 5 4  8 4  2 1 2 1 7  2 5 2 
1 2 2 2 1 0 1 6 4 8 6 4 7 2  2 2  2 4  2 8 4  2 5 2  7 0 1 7  2 2  0 2 4  1 3  2 7 2  7 0 1 7  2 3  8 4  1 7 0  7 2 7  0 2 4 4 
1 3  6 1 4  . 0 2 4  0 7 2 5 6 4  7 0 1 7  1 4  6 7 0  2 1 4  7 0 1 7  2 1 2  1 3  2  2 2 0 2 4  2  2 2 0 2 4  2 3  8 0 5 2 5 0  . 2 1 2 
1 7 2 5 0  4 1 7  2 5 2 4  0  2 4 4 1 5  6 2 7 6  7 2 7  2 1 6  2 2  4  2 4  0 8 4  1 3  2 8 0 5 5 0 2 4  2  1 3  6  2 4 0  1 3  6 
7 2 7  8 2  1 7 0 2 4  0  1 2 2 2 1 2 2  6 2 4  0 2 1 4 5 0  7 2 7  1 6 4 8 6 4  7 2  2 2 0 2 4  4 1 7 1 6 2 2 4 4  6 1 7 
2 1 2 1 3  2  2 4 0 2 2 2 4  0 5 0 7  2 5 4 5 5 0  2 4 2  4 1 8  1 7  0  1 7  2  2 4  7 0 1 2  0 5 5 6 2 5 4   1 2 1 6 0  4 1 7 1 7  0 1 5 
8 4 7 2  2 2 2 6 5 6  2 4  0  2 1 0  2 5  6 5 5  0 2 4  2  4  1 7 4 5 8 4  8 2  1 7 2 7 2 5 4  1 2 1 6 0  1 2 2 4 0 1 3  0 
8 2  1 2  0  2 4  2 5 2  1 5 0 8 8 4 1 2  0 2 5 4  2 4  0 1 1 0  1 7  4  1 7 2 2 4  5 1 2  8 5 4  5 4  2 2  0 7 1 3  2  7 2 7  5  6  2 1 2 8 0 
4  2 2  0  2 4  2 2  2 4 0 1 6 2  <CLEARTEXT SP ne gue Sto potti> 1 3  4  1 7 2 2 4  1 2 2 7 5 0 1 5 8 6 2 4  2 4  0 5 2 2 2 7 1 3  0 7 
1 3  2  2 1 6  2 3  8 4 7 1 3  2  1 6 4 8 0 5 5 0 2 4  2  1 3  4  2 5 4  1 7 4  2 2 4 2 4  2 1 7 4  . 1 8 4  1 2 0 2 5 4  5 5 6  0 2 4 
7 2  1 2 2 2 7 5  2 5 2 4  0  2 5  . 2 5 6  1 3  6 5  4  2 5 6 5 1 4  4  2 4  0  4 1 7  1 2 1 6 0  7 2 7  1 6 4  8 6 4 7 2  2 1 2 1 3  2 <CLEARTEXT SP? uilt
t no poreuo> 2 2  0  2 4  5 5 0 4  1 3  0 2 4  1 7 6  2 1 6  2 4  0 1 3  8 5 5 6  2 2  4  1 5 4 5 5 0  2 4  2  1 7  6 1 2  6 7 
2 3  8 0 2 1 6 1 7 6 4  0  2 4  4 7 2 2  1 6 1 7  6 1 5 4  2 5 6  2 4  0 5 2 2 2  5 0  2 4  2  1 7 2  1 1 1 7  6 1 5 2  0 2 4 4  1 3  4 
2 2 2 6  1 3  0 1 7  6 1 1 0  2 4  4  2 5 6  1 7 6  2 2 2 4  0 5 6  1 2 1 6 0 1 2 6 2  1 4  4  2 5 2 5 2  7 2 7  2 1 4 7  1 2  1 6 0 2 
6 4 7 2   <CLEARTEXT SP? viuoltaimi poi> 4 1 7  1 4  4  2 5 2 5 2  1 3  6  2 8  1 3  0 1 7  5 6 1 5 7 2 2 4  2 2  6 0 2 4  1 7 8 6 1 5 6  . 
4  1 7  2 5 2 4  6 5 6 1 5 7 2  2 4  6  4  1 2 1 6 6  0 1 7  1 2 2 2 1 2 1 0 7 1 3  4  2 5 2  2 4  0  4  1 6 4 8 6 4  1 3  4  2 5 2  6 7  2 5 0 
2 5 6 2 7  0  1 3  0  5 0 2 4 8 6  2 5 6 6  1 2  0  2 4  2 5 6 1 4 6 1 2 4 7 1 3  2  1 7 6  2 5 8 2 5 2 5 2  0 5 5 0  2 4  5 5 6  2  2 5 
7  8  2 5 2  2 2 0 2 4  1 4  4  8 2  2 4  1 3  0 1 7  5 6 1 5 7 2  2 4  2 2  6 0  2 4  1 7 8 6 1 5 6  . 2 2 2 0 2 4 4 1 3  2 

#IMAGE NAME: 023r.jpg
4  1 7  4  2 3  8 4  1 7 0  7 2 7  2 2 2 2 5 0 8 4  7 2  2 1 4 7 1 2  4 2 4  0  1 3  0 1 7  2 2 2 4  2 2 1 0 5 2 
2 1 2  1 7  2 5 2  2 2  6 8  7 0 1 7  6 1 2 2  7 5 2 5 2 4 6 7 5 6  2 1 0 7  2  6 7  2 3  8 0 5  2 5 2  1 2  1 6 0 
7 0 1 7  1 2  4  5 2  1 3  6 1 8  2 4  0 5 2 2 2 5  0  2 4  2  1 7 4  2 2  2 4  2 2 1 0 5 4  4  2 8 0 2 4  4 
1 4  4  2 5 2 5 4  2 2 0  2 4  6 1 7  7 0 1 5 2  2 5 6 2  1 3  0  1 4  8 2 1 8 2 4  2  7 2 7  1 3  6 2 1 0 7 2 
1 2 1 6 0  1 4 4  2 4  6 4 7 2  6 1 7  1 3  0 1 1 6 2 5 2  . 2 2 2 4 4 6 2 1 4  1 3  0 1 7  4  2 1 6 4  2 2 4  2 4 
2 5 6 2 5  4  1 3  4  2 4 6 4  7 2  2 4  0 5 2  1 7  8 2 5 6 2 7 0  1 3  6  2 3  8 0 1 7 1 7 2  8 2 1 7 6 4 7 2 
1 4  4  2 4  0  1 2 2 7  2 8  6 1 7  5 6 1 5 7 2 2 4  2 2 6 0 2 4  1 7  8 6 1 5 6  . 2 5 8 2 5  2 5 6  1 7 4  1 7 2 5 
2 4 6  <CLEARTEXT SP? passate guelte pratiche> 6 7  1 7 6 5 1 1 2  7 4  2 1 0  7 0  2 5 2 2 4 7 4  6  6 7  0 8 2 
2 4 4  1 3  2  8 0  1 4  0 1 2 1 2  6  1 7  0  2 1 0 1 3  0 5 0 2 1 0  6 7 5 2 5 4  7 2 5 6 0   1 2 2 7  2 3  8 0 1 7 1 7 6 7 2 7 
5 6  2 5 2 4 2  8 2  2 4 7 2  4  1 7 6 5 1 1 2 7 4  . 8 0 1 3  8 2 5 2  1 2  1 6 0  1 3  4 1 7 6  2 1 0  2 4  1 2 4 7  2 5 6 
7 2 7  2 2 2 2 5 0 8 2  1 2 4  8 4  2 4  2 4  0 5 2 1 7 8 2 5 6 2 7 0 2 1 4 7 1 3  4 6 2 2  0  0 2 4 2 5 2 4  0 
1 3  2  1 2  2 5 2  2 4 6  1 3  0  1 7  6 1 7 2  2 4 2  1 2 2 7  1 7  6 2 3  8 4 1 7 6  5 6  1 2 2 7  5 0 1 5 1 7  6 4 7  2 7 0 1 7 
7 0 1 5 2  2 5 6 2  . 2 4  0 1 4  0 2 4  2 5 2  1 7  6  2 3  8 4  7  2 5 2  1 6 4 8 6 4  2 2  4  5 5 4  2 5 2  2 1 6 
1 3  2  1 7 5 6  2 1 2  1 7  2 5 2  1 3  6 2 5 4  1 7  2 2  2 4  2  1 2  0  1 3  0  2 4  0  . 1 3  0  2 5 4 7 2 5 4  6 2 4  2 4 0 
5 2  1 7 8 2 5 6 2 7 0  6 7  2 3  8 0 1 7  2 5 0 2 1 1 1 1  1 3  2  8 6 4  7 2  0 5 5 0 2 4  2 2  6 8  2 4  0 5 2 1 7 
8 2 5 6  2 1  4  2 6 6 2 1 0  5 0  2 5 0  2 1 0 8 4 7 2  1 7 4 7 1 3  4  2 5 4  1 3  6  1 2  0 5 4  2 4  0  4  2 4  2  2 1  4 
. 7 2 7  1 4  8 5 5 6 2 2  0  2 4  7 8 2 1 2  0  2 4  1 7  6  . 2 5 4 7  2 5 2  7 0 1 7  2 2  2 4  0 5 0 7  2 5 0  2 3  8 4 7 
2 5 2  7 0 1 7  1 4  8  2 5  8 2 4 2  1 2 2  2 1 0  2 1 6  1 3  6 1 2  0  8 4  7 2  2 2  0 2 4  6 1 7  1 2 1 6 0  2 1 6 
2 2  4  2 4  0  8 4  6 1 7  1 3  2  8 0 2 4  1 3  0 1 7  1 5 6  2 1 2 2  1 2  1 6 0  5 8 1 1 6  2 5 2  5 6  5 2 2  4 1 2 6 4 5 
5 6  8 7 4  1 3  6 1 7  6  1 5 0 7  2 5 6 4  1 2 1 6 0  2 2 2  2 4  2 5 4  5 5  6  1 1  8 2 7 4  2 4  0 5 2  1 7 8 2 5 6 2 7 0 
1 3   0 1 7  2 2  4  5 5  4  2 5 2  1 2  2  5 6  2 2  0  2 4  1 7  4  1 7  2 5 2 4  6 1 2  2  2 1 0  2 2  0 2 4  1 8  4  1 2 6 2 
2 5 8  2 5 2 5 6  1 4  8 5 5 0  2 4  2  1 2 2 7 5  2 5  2 4  0  2 5 6  1 6 4 8 0 2 4  1 7 0  1 7  2 2 4  1 2 2 5 0  4  1 2 2 2 4 

#IMAGE NAME: 023v.jpg
2 1 4  2 6 6 2 1 0  2 8  1 2  1 6 0 5 0  2 1  2 2  2 4  0  5 6  2 5 2 4  2  8 4  4  1 7 0  2  2 4 0 1 2 1 6 0  1 3  6  1 8  2 4  0 5 2 2 2 5 0 
2 4  2  2 2 4  2 4 0 2 4 1 7 6  2 1 2 1 7  2 5 2  1 1 0   7 0  2 3  8 4 7  2 5 2  1 3   6 1 2  0  8 4  . 1 2 1 6 0 7 0 5 4 2 4  0 1 1 0 2 4 2 
6 7 5 6 0 2 1 0  1 2 2 7  1 7 4 1 7  2 5 2 4  6  2 2 0  2 4  8 0 1 3  0 2 4  1 3  0  1 3  6 5 2 2 2 7 0 2 4  1 7  6 1 4  8 2 4 7 2  6 7 5 6 0 
2 1 0  1 7 4  2 4  0 5 2  1 7  8 2 5 6 2 7  1 4  8  1 2  1 6 0  2 2  4  2 4  2 5 6 2 5 2  1 3  4  1 7  4  1 2  2 2 4  2 5 0  1 3  2  8 0 7 2 7 
5 6  2 2 2 2 5 0 8 4  7 0  1 5  2  2 5 6  4  2 4 0  6 7 5 4 7 2 5  0  2 4 0 7  8 0 2 4  2 4  6 4 7 2  4  2 5 2 4  2 8 4 2 4 
2 1 0  1 3  8 6  2  2 5 2 4  0 1 3  6 1 7 2 2 ^4  2 1 2 2 7  1 7 4  2 4  0 5 2 1 7 8 2 5  6 2 7  1 3  0 1 7  2 5 8 2 5  2 5 2  <CLEARTEXT SP powtito
da la covre> 2 1 4 7  1 3  4 6  8 7  2 1 6 2  4  1 7  6 5 1 1 2 7 4  1 3  2 8 0  0 2 4  4 7 2  2 5 2 2 4  7 4  2 5 6  2 2 0 2 4 
1 7 4  2 1 4 1 5 6 2  2 4  2 2 4  2 4  2 5 0  2 2  0 2 4  5 2 1 7  6 1 2  6 2 5 4 2 4  1 7  4  2 4  0 5 2 1 7  8 2 5 6 2 7 0  . 1 7 0 
1 7 0 2 5 2 5 0  2 4  0 1 3  0 1 7  6 1 2 6 7  2 3  8 0 2 1 6 1 7   6 4  2 2 2  6 1 2  1 6 0 1 7  6 2 2 2 4 0 5 6  0 2 4  4 7 2  1 7 6 1 1 0 
2 4  2 5 6  . 2 1 6  2 4  0 1 3  8 5 5 6  7 0 1 7  2 2 2 4  0 1 3  0 2 5 2 5 2  1 7 2  1 2 2  1 3  2 8 0  2 3  8 4 7 1 3  2  4 5 2 2  0  1 2 2 5 4 
8 2  1 2  1 6 0  1 2 2 2 1  2 2  4  2 4  6 5 5 0 2 4 2  2 1 6  5 1 2  2 4 6 5 5 0 2 4 2  <CLEARTEXT SP? h essedo tornato> 8 7  2 1 4  0 5 2 5 
2 4  2  1 5 0 2 2 4  1 5 6 2  1 3  6  0 8 2  2 4  4  2 9  0 1 2  4  2 2 2  2 2 2 4  6 7 1 2 6 6 2 2  4  1 7 0  . 2 2  6 8  2 1 6 5 0  2 4  2 
1 2 1 6 0  1 7 4  2 1 6 5 0  2 4 6 4  1 7  6  1 6 4 8 6 4  1 3  0 2 5 2 5 2  1 2 1 6 0  2 2 0 2 4  7  6 0 7  2 5 0 7 2 7  8 0 7  6 5 5 0  2 4 2 
4  2 5 2 4 2 8 4  2 4  2 1 6  1 2  1 6 0  5 4  2 4  0 1 1 0  1 7 4  2 5 2  2 5 4  1 7  2 4 8  6 7 4  1 3  0 1 7  2 5 8 2 5 2 5 2  2 2 0 2 4 
1 2 1 6 0 1 9  2 1 2 1 7  2 5 2  5 6  0 2 4 4  1 3  2 1 7 8 2 5 4  1 3  0 1 7 4  2 2  2 4 4  2 5 6 1 2 4  2 5 0 7 6 4 7 2  2 1 0 1 2 2 
2 2  0 2 4  2 3  8 0 5 2 5 2  2 3  8 0 1 7 1 7 6  1 2  1 6 0  2 4  4  7 2 6 7  2 2  2 4  2  1 2 6 7 2 5 2  1 3  6  8 0 7 6 2 4  0 
7 2 7  8 0 7 6 4 7 2  8 7 1 3  0  1 2 2 1 7  2 1 6 2  2 4  0 5 2 1 7  8 0  2 4 6 4 7 2  6 1 7  2 5 8 2 5 2 5 2  . 2 1 4 7  1 3  0 
2 4  6 4 7 1 7 2  1 1 0 7  2 4  0 5 2  1 7 8 2 5 2  1 7 4  2 4  0 5 2  1 7 8 2 5 6 2 7 0  1 7 6  1 3  0 2 5 0 2 4  2  1 4 8 1 7  0 
1 7 0  2 5 2 5 0 2 4  0  1 3  0  1 7 6  1 2  6 7  2 3  8 1 2 1 6 0 1 2 2 7  2 1 2 1 7 2 5 2  2 5 2 4 4  8 4  1 5 1 7  6 2  5 0  1 7  6  1 2 4 8 2 
2 4 7 2  1 3  6  2 1 4  7 2  1 3  0  1 7  0  2 3  8 4 1 7  0  2 1 4 7 1 3  2 1 7 4  5 0 1 2 2 7 1 3  4  6 7 1 2 1 7 8 5 4  8 7 4  1 7  2 5  
2 4  4  5 0 7 0  2 1 4 7 1 3  4  2 5 4  6 7  1 4  6 4 7  1 3  2 4 4  1 2 2 7  2 1 6 2  2 2 4 1 3  6 7 0 1 2 1 6 0  5 8 1 1 6 2 5 2  5 6  1 4  4 1 2 
1 2  6 7 2  2 2  4  1 5 4  2 4 0  6 7  2 4 2 2 1 4  5 0 1 2 2 7 1 3  2  1 7  2  2 4  1 3  6 7 0  1 3   2 8 6 1 7  1 2  1 6 0  5 0  7 2 7 

#IMAGE NAME: 024r.jpg
2 5 2 4  2 8 4  2 4  2  0  2 6 0 2 3  8 6 2 5 2  <CLEARTEXT PL subito faro ef eguire circa le alne cose> 2 1 6 
1 4  0 1 2 0  2 4 2  1 3  6 2 4 0  1 2 1 6 0  7  2 7 5 4 1 7 6  2 4  6 4  1 3  0 1 7  2 4  0 1 5 7  2  1 2 1 6 0  2 1 6  2 1 4 7  1 3  0 
2 4  6 4 7 2  2 4  0 5 2  1 7  8 2 5 6 2 7  0  <CLEARTEXT PL guadso ltato nel porto doue anwrmitroiio>
0 2 6 2 2  0 1 2 2 5 4 7 1 3  2  1 3  0  2 5 2 5  4  2 4  0 5 2  1 7 8 2 5 6 2 7 0  2 1  6  1 6 4 7  1 4  4  2 5 2 5 2  1 3  6 2 4  0 
1 2 1 6 0  6 7  1 4 6 4 7 1 3  2 4 4  2 5 2 4  2 8 0 2 4 2  1 7 4  2 4  0 5 2  1 7  8 2 5 6 2 7  1 3  0 1 7  2 5 8 2 5 2 5 2 
1 2  1 6  8 2  1 7 0 5 5 6  0 5 5 0  2 4  1 2 2 7 2 5 0 7 2 5 2  1 3  0 1 3  4  2 4  1 7  6  1 7  0  1 7 2 2 4  5 1 2  2 4 6  2 5 8 
2 4 0  2 2 4  6 1 5 6 7 4  1 7  6  1 6 2  2 4  0 5 2 2 2 5 2 5 2  2 2 2 6  1 2 1 6 0  6 7  1 4 6 4 7 1 3  2 4  4 
2 5 2 4 2  8 0 2 4  2  1 7 4  2 4  0 5 2  1 7 8 2 5 6 2 7  1 3  0 1 7  2 5 8 2 5 2 5 2  1 7 6  4 7 1 2 1 6 0  1 3  4 
2 4 2  1 7 0  5 1 2  2 4 6  2 5  8 2 4 0  1 2 2 2 1 0  6 7  0 1 4  1 4 0 2 5 2 5 2  1 4 4  2 4 2  2 5 2 4 2 8 4 7 1 3  2 
1 7 4  1 3  8 1 1 6 2 5 4 7  1 3  2  7 2 7 2 1 6  1 3  6  4 7 2  2 2  4  2 4  2  1 7  0  1 6 4 8 0 7  1 3  2  2 1 6  2 5 4 7 2 5 0 
8 2  1 7  2 5 0  2 1 4 7  1 2 4 2 5 2  1 1 0 7 1 2 1 6 0  2 3  8 0 5 2 5 2  2 2  2 5 5 6  7 4 5 1 2  0  2 4  0  1 3  4  1 7 
7 2 7  2 2 2  2 5 0  2 4  1 2 2 5 6  2 2  2 4  0 5 2 5 2  1 2  4  8 4  2 4  1 3  0 7 4  2 4 6  1 3  4 1 7  2 2 2  2 2  8 1 7 2 
1 6 4 8 0 7 1 3  2 2 1 6  1 3  0 2 5 2 5 2  1 2 1 6 0  2 2 0 2 4  2 3  8 0 5 2 5 2  8 2  1 7  6 4 7 2  2 1 4 7  1 3  4  2 4  2 2  0 
2 4  2 5 8 2 5 2 5 2  6 1 7  2 4  0 1 5 7 2  1 5 0  7 2 5 0  1 2 2 7  1 7  6 1 1  2 4  6  7 0  2 3  8 4  1 7 6  2 2  4  2 4  2 5  6 
1 2  8 1 7 4  2 4  2 1 0 7  2 5 0  2  1 5 7 6 8 7 2  5 1 2  2 4  6 8 4  2 3  8 4 7 2 5 2  8 8 2  1 7  1 3  4  2 4  0 
2 2  0 2 4  7 2 7  5  2 5 4  2 4  2 2 6 8 7 0  1 7 6 7  1 2 0  2 4 3  5 2  5 0  1 2 2 5 6  0  2 2 8 2  0 5 5 0 2 4  0 
4  1 7  1 7 2 1 5 1 6 6 7 2  6 1 7  2 5  0 2 1 2 2 2  2 2 0 2 4  2 2 2 2 5 0 2 4 5 5 6  2 1 0 1 5 1 7 6 2  2 4  0 5 2 1 7 
8 0 2 4  0  2 3  8 4 7 1 3  2  1 2 6 2  7 2 7 5 6 4  no so Et mi dir 1 3  6  2 5 4  1 7  2 2 2 4 2 1 2  0 
1 3  0  2 4  0  5 0  1 5 6 4  7 2 7  1 4  8 5 5 6  8 0  2 4  2  1 7 4 1 2 2 2 4 1 3  2  1 3  6 1 2 0  6 1 7  1 2  4  2 2  6  2 5 4 7 
1 7 0 6 2 5 4 7  <CLEARTEXT PL dl guale di gua no si s$nnte cosa aleuna ne se ne d$
fumo> 4 7  2 7 6 4  2 3  8 0 1 7 1 7  6  1 3   2 1 2  2 5 2 2 4  6  4  1 2  1 6 6 1 9  1 2 2 2 1 4 7  1 3  2  4 7 1 3  4 5 5  0  
2 4 2  4 1 3   2 4  0 8 2  1 2 4  2 4  0  2 3  8 4 7  2 5 2  1 6 4  8 6 4 7 2  2 4 0 1 2 0 2 4 1 2 4  2 5 2  4 1 7 

#IMAGE NAME: 024v.jpg
1 2  4  2 4  1 3  6 7 4  1 7 0  <CLEARTEXT SP? tra lalne cose> 1 2  1 6 0 1 9  1 3  6 5 5 0  2 2 0 2 4  2 3  8 4 7 2 5 2  2 1 6  1 3  6 1 2  4 7 2  1 7 6 1 3  6 5 
5 0  2 3  8 4 7  1 3  2  5 6  1 4  4  2 4  4  8 7 4  1 7 2 5 2 4 4  8 7 6 2 7 0  1 2  2 7  2 5 2 4 4  1 3  6 8 2 6  4 7  1 3   0 2 4 6  2 5 0 
4 1 7  2 2  4  2 2  4  1 2  1 6 0  8 6  2 2  2 4  2  8 0 1 3  4  <CLEARTEXT PL le gual pourole mofrano gra colevapo 
no mi posso pevsuadeve sia uero taleacords anzi creds> 1 2  1 6 0 1 7  2 5 6 2 1 2  2 4 0 
2 2  2  1 2 2  2 1 2  1 3  2  1 3  0 1 7  1 3  0 7 4  2 4  2  1 7  6  1 6 4 1 1 1 1 6  <CLEARTEXT PL cofra mia uolota faito indugiar
talo/no di meno> 5 0 6 7  1 4  6 4 7 1 3  2 4 4  7 2 7  2 1 6  2 1 4 7 1 3  4 7 2  2 4  0 5 2  1 7 8 2 5 6 2 7 0  <CLEARTEXT IT? cosi> 1 3  6 
2 3  8 0 1 7 1 7 2  8 2  2 4  2 4 0 1 1 0 7 2  7 0 1 7  7  0 1 5 2  2 5 6 2  1 3  6  1 4  8 2 5 8 2 4 2  1 2 2 2 1 0  1 3  6  5 4 2 5 6 5 
1 4  4  2 4  0  6 7  2 5 8  2 5 2 5 2  2  6 7  2 2 4  2 4  2 5 0  1 7  6 7  2 5 0 7  2 5 6  2 7 6  1 3  4  2 5 0  2 2  0  2 4  6 1 7  1 2 2 
2 1  2 1 0 7  1 3  4  2 5 2  2 4 0  <CLEARTEXT PL sara forza persuaderssi> 2  5 6 4 7 2  1 7 6  2 1 4  1 5 6 2  2 4  4  5 6 7 6 
1 3  0 1 7  2 1 2 7 1 3  2  2  1 6 4 1 1 6 7 2  2 3  8 4 1 7 1 2  1 6 0  5 6 1 2  8 2 4 0 2 7 4  1 3  0 1 7 0  1 2 2  5 0  1 7  2 2 4 2 
<CLEARTEXT PL la guale no uedo come possi seguire senza lauitorita dissta guelto gn>
2 3  8 0 1 7 1 7 4  7 2 7  5 2 5 4  1 1 6 1 7 6 5 1 2  4  1 2 2 5 4  1 7 1 2 8 7 4  2 2  2 4  6 2 1 4  1 3  0  1 7 4  2 1 6 4  4 2 4  2 4 6 
8 4  2 5 4  5 6  2 2 2  2 5 2 4 4  2 2  0 7 5 4  2 4  2 3  8 4 1 7 1 2 1 6 0  2 1 2 1 3  2  5 0  5 2 7 2  4 5 6 7 6 1 3   0 
1 4  4  2 4  1 5 1 7 0 1 7 2 1 2 2 1 5 7 2  5 1 2 0 2 4 0  . 5 0  2 2 0  2 4  1 3  0 7 4  2 4  6  5 6  5 2 7 2  8 2  1 7 8  2 5 6  4 5 5 6 
1 2  8 2 4  4  2 4  0  1 3  4  1 2  1 6 6  7 2 7  2 2 8 2  6 1 7  2 1 0 1 3  0 2 1 2  1 4  4  1 2  1 2  6 7 2  1 2 2 7  1 2  1 6 6  2 2 8 2 
<CLEARTEXT PL di in tal easo si potra> 1 2  4  8 4  2 4  2 7 4  2 1 4 5 1 2 1 6 4  2 4  4  <CLEARTEXT PL iulta asaneta meteagn>
gui lto 1 7  2  2 4  2 2 2 4  2  1 2 0 1 3  0 2 4  0  7 4  5 1 2  1 6 6  1 3  4 5 6 7 4  2 4 6 4  . ~ . 5  . <CLEARTEXT PL creda certo T gu> 1 8 
2 1 2  5  2 5 2 4  0 2 4  4  1 3  6  8 2  1 7 0  2 4  1 2 2 7 1 2  0 1 3  0  2 4 0  1 7 6 7  2 3  8 6 5 6 2 5 6 2 7 0  2 4 6 1 5 2  2 4  2 5 4 
<CLEARTEXT PL come si doniada> 7 2 7  5 2  1 7  2  1 4  4  2 4 4 7 2  2 3  8 4 7  2 5 2  6 7  1 7  2 2 4  7 2  2 1 0  5 6  0  2 2 2 4 
2  2 1 0 5 2  2 1 4  2 3  8 4 7 2 5 2  5 6  8 2  2 4  2 4  4  <CLEARTEXT PL dubito and> 1 6 4  1 1 6 7 2  2 5 4  2 4  1 3  4  2 5 4 
:1 7 4  2 4  0 5 2  1 7  8 2 5 6 2 7  0 2 2 0 2 4  5 2 5 4 2 4  4  8 0 1 3  1 2 4  0 5 0  1 8  4  2 4 0 2 3  8 6 5 6 2 5 6 2 7 0  1 3   6 1 2 0 
5 4  2 4  0  2 1 8 2 5 4  1 2  2  5 4  1 7  1 2  8 7 4  1 3  0 1 7  2 2  0 2 4  1 3  2 7 0  . 1 2 2 7  5 0 7  2 5 0  1 7  6 7  2 3  8 6 5 6 2 5 6 2 7 0 

#IMAGE NAME: 025r.jpg
1 2  2 1 0  6 7  1 2 4 5 2 5 6 1 5 1 7 6 4  5 4  2 2 0 7  1 3  2  6 1 7  2 4  0  5 2  2 2  2 4  4  1 2 6 2  1 6 4 8 0 2 4  1 7  6  5 1 2 2 4  6 
2 5 2 5 2  4 1 2 6 2  2 2 2  5 5 6 7 2  2 1 0 1 5 1 7 6 2   5 4  2 2  0 2 4  0  1 2 2 2 1 0  5 2 2  0 7  1 3  4  7 2  6 1 7  1 3  0 
7 4  2 4 2  <CLEARTEXT PL a gn sia p guelto> 7 2 7  5 6 7 2 8 4 7  1 3  2  4 1 7  2 5 2 4 2  1 2  2 4  0 1 3  2  1 4  4 2 4 
4 7  2  6 1 7  1 3  0 1 1 6  2 5 2  5 6 7 2  6 7  1 2 6 2 1 4  <CLEARTEXT PL a p guelto> 1 7 4 7 1 3  4  2 5 4  2 1 6 4  1 3  6  1 4 6 4 
7  1 3  2 4  4  <CLEARTEXT PL sara al propolto> 0 5 5 0 7 1 3  2  1 7 6  1 3  6 0 1 5 2  2 1 0 7  1 3  0 2 7  1 4  2 4 4 2 5 0 1 7 1 7 2 
1 3  6  1 4  2 4  4 7  1 2  0 5 1 2  2  1 2  1 6 0  2 1 2  2 4 6  0 1 7  2 2  6 8  2 4  6 1 2 2  1 3  6 1 7  2  2 4  2  1 3  6  2 1 4 1 5 6 
2  2 4  4 8 1 2  2 5 2  2 4 6  2 5 4  . 1 3  2  2 2 2  1 7 8 6  1 7  4  2 1 2  1 5 1 7  6 0  1 3  0 1 7  1 3  0 2 5 2 5 2  1 4 2 4 
4 7  1 2  0 5 1 2 2  1 7 4  2 3  8 4 1 7 0 5 0 7  2 7  1 4  8 5 5 6  5 2 5 4  2 5 4  2 2  2 4  2 7  1 2  2 5 4  4 1 3   2 2 6 
1 5 1 7  6 4  2 4  8 7 4  1 5 2 4 4 7  2 2 4  2 4  2 5 0 1 3  0 1 7  2 2  0 5 2  4  1 7 1 7  0  5 2 2  4  1 7 0  p <CLEARTEXT PL inltatia
a diligetia> 1 3  0 1 7  2 1 6 2  1 1  4  2 4  2 5 1 6 2 1 7  2  2 1 0 2  1 2 4 5 2 5 2  1 3  0 7 1 5 2  1 2  1 6 0  1 4  8 
2 3  8 0 1 7  2 1 4 7  1 3  4 6  4  1 7  6 5  1 1  2  7 4  7 2 7  0 2 4  4  2 1 2 1 7  2 5 2  7 2  7  1 2  4  8 4  2 4  2 3  8 
0 5 2 5 6  1 2  6 7 2 3  8 0  2 1 6 1 7 6 4  p ilt mi so <CLEARTEXT PL trouato niolte uslte di mala uoglia
a ancor mi ritrono> 7 2  7  8 0 1 3  0 7 1 3  2  1 8 6 1 7  5 6 1 5 7  2  3  4  2 2 6 0 2 4  1 7 8 6 1 5 6  . 2 8 
1 1 0 7  5 4  2 5 6 5 1 4  4  2 5 2 5 6  <CLEARTEXT PL ne mi ccosola altro t lhauer usata ogni diligefia
a indultria posoibile il t prego . ~ . s mi are da ne imputi me> 1 2 1 6 0  2 2 0  
2 4  7 2 7  5 1 2  2 4  6 8  0  2 4  2 3  8 0 5 2 5 4  6 2 4  2 4  0 5 2  1 7 8  2 5 6  2 7 0  1 6 2  2 5 4  2 4  1 3  4  2 5 2 
2 5 4 7  2 5 2  1 2  2 4  0 1 3  0 7  1 3  2 2 1 6  2 2  8 2 4  1 3  6  2 2 2  2 5 0 2 4  1 7 6 5 1 2  2 4  6 8 0 2 4  0  1 2 2 
5 4  1 3  6  2 1 4  1 5 6 2 2 4  5 4  2 5 6 5 1 4  4  1 2 2 5 6 2  7  0  <CLEARTEXT PL come mi sforzero di fue co ogni
mio ingegno sapendo gto li deus p li cotinui buoni officij fa jier me dli
guali gto piu posso la rengratio> 1 2 6 2 4  1 2 4  6 1 7  1 2 2 2 1 0 7  1 3  4  2 5 2  2 4  0  7 2 7 
2 2 0 7 5 2  5 6 4 7 2  2 2  0 2 4  1 3  4  2 4  1 7 6  1 3  0 7 4 2 4 6  2 2  0 2 4  1 7 6  2 1 4  1 4 6 1 2  6 6  . 5 0 1 4 4 
2 4  4  7  2  4  1 7  1 2 8 7 4  1 2 2 5 4  1 2 2 4  0 1 3  2  5 4 2 4  4  1 2  2 7 5 2 5 6 2 5 8 6 2 4  1 7 6 4  2 8  7 4 

#IMAGE NAME: 025v.jpg
1 2  0  2 4  2 5 4  2 2  2 4 2 8 6 5 6 2  7 0  <CLEARTEXT PL a seguelto si fara> 2 2 2 4 2  1 2 0 1 3  0 2 4 4  1 3  4  1 7  2  2 2 2 4  4  2 1 6 4 
1 7 4  2 3  8 4 1 7 5 0  7 1  7  0 2 4 4  2 1 6  2 2  4  2 4 6 4 7 2  2 4  0 5 2  1 7 8  2 5 6  7 2 7  7  0 1 5 2  1 2 6 4 5 5 6  2 2 6 8 1 2 2 
5 0  1 7 2  2 4 2  2 4  0 5 2 5 4  7 1 3  2  1 3  6  1 7 8 6  2 1 2  1 7 2 5 2  5 1 2  4 7  1 3  4  1 7 6  2 7 4  2 5 6  2 2  8 2 4  2 1 6 5 2 7 
5 1 4  2  2 4  2 7 4  2 5 2  1 7 6 7  2 5 0  2 4  2 5 0 7  1 5 1 6 6 7  2  . 5 6  2 2 2  2 4  2 5 6 7  2  1 1 0 7  1 3  6  0 5 5 2  7  2 7  5 2 
1 2  1 6 0  1 4  4  2 4  4  7 2  <CLEARTEXT PL e be uero dl bisogna> 1 2  1 6 0 1 7 8 6  2 5 4 2 1 1 1 0 7  5 6  1 2  2  2 1  2 2 2  2 4 
2 5 6  1 2 2 7  0 5 5 2  1 7 2  2 4  2  . 5 6 4  2 2  6 8  2 2 4  2 4  1 2 2  7 0 1 7  5 2 2 0 7  1 3  0 2 4  0  1 2  1 6 0  5 6  1 3  0 2 
1 5 1 7 6 4 7 2  5 6 7 2  4  1 7  1 2 6 0 1 7 2  1 2 1 6 4 1 1 1 1 6  1 5 6 4  5 2 2 0 5 2  1 3  6 0 1 2 0  2 1 6  1 7  6 4  1 3  8 : 7 0 
2 2  2  5 5 4 7 2  2 2 4  6 1 3  6  2 4  0  2 3  8 0 1 7 1 7 4  1 7 0 2 5  2 5 0 2 4  4  5 1  2 4 6 5 5 0 4  1 9  . 5 0  1 7 8 6 5 6 
4 5 1 7  4  2 4  1 5 4  7 0 1 7  2 2  2 4  2 2 1 0 2 5 0  2 4  0  1 2 2 4  0 1 3  4  2 8  1 2 1 6 0  1 2 2 5 2 5 2  2 4  2  5 6 5 2 5 
2 4  6 7  1 5 2  7 2  7 0  1 7 4  2 5 0 7  1 3  0 2 4  0  <CLEARTEXT PL pero da gui a uati sara necessario> 1 7 0  2 2  2 4 
2  2 1 0 5 0  5 6 4 7 2  6 7  5 1 2  2 4  6 2 5 2 5 2  . 7 2 7  6 7  8 2  1 2  0  2 2 2 6 1 2  1 6 0  7 2 7  8 2  1 5 1 7 6 
4 7 2  5 2 5 4  2 4 0  5 0  7 2 7  4  1 7  1 7 4  5 1 2  2 4 6 2 5 8 2 4  4  <CLEARTEXT PL hauendo scritto si gui cre
de domi di spaciare alli 4  t febravo> 5 2  2 2  2 4  4  1 5 6  2 7 5 0 2 4  2  1 7 6 2 5 2 5 0 2 4  0  1 3  6 
2 3  8 0 5  2 5 4  1 5 0 7  2 5 0  2 2  0 2 4  1 7 0  2 3  8 4  1 7 6  5 6  4  8 6 5 4  8 4  t <CLEARTEXT PL essendossi fatta molta
inltatia p parte di certi particulari> 4  1 7  1 2  4  2 4  1 3  6  7 4 1 7  0  1 3  6  7 2  2 5 6 1 4  6 1 2 4  2 4  6 1 7  1 1  2 4 0 
8 0  2 2  2 4 2  1 2  0 5 5 4  2 5 2  7 2 7  5 0  7 0  1 2 2 7  2 5 0 7  2 5  4  7 1 3  2  1 9  2 2 0  2 4  2 3  8 4 7 2 5 2  5 6 1 2 2 4 0 
1 3  0  . 5  . 5  . 2 4  0 8 0 2 4  0 7  1 3  6 5 5 : 2 1 4  7 1 3  2  2 2 0 2 4  2 3  8 0 1 7 1 7 6  1 7 1 6 4  8 6  4 7 2  2 2 2 4  0 5 0 7  2 5 4  2 5 2 
1 7 2  2 4  0 5 2 5 6 2 5 8 6  p il zb 2 1 6  2 2  2 4  0 1 5 4  8 4  7  2  8 2  1 7 0 5 5 6  1 4  4  2 4  1 3  0 2 5 2 5 4  7 2  2 5 6 1 4 6 1 2 4 
2 5 6 2 7 0  <CLEARTEXT PL uilto guelto a paredomi> 2 3  8 0 5 2 5 4  5 2 5 2 4  4 7  6 0 5 5 4  8 5 4  2 5 4  1 7 6  1 3  2  8 0 5 5 6  0 5 5 0  2 4 
4 2 5 2 5 4  2 2  0 2 4  1 4  4 2 4  1 7 6  2 4  0 5 2  1 7 8 0 2 4  0  6 7  2 3  8 0 1 7  1 2 1 6 0  1 3  2  8 0  2 4 6 4 7 2  <CLEARTEXT PL dissi t 
no mi paria nn> 2 1 6  1 4  4  1 2  0 5 5 0 2 4  2  1 4  4  2 4  2 5 4 1 7  0 1 4 1 4 0 2 5 2 5 2  6 2 1 2 2 0 2 4 2 1 2 1 6 0 5 0 
2 3  8 0 5 2 5 2  2 2  2 4  2  1 2  0 1 3  0 8 4  1 3  4  1 9  2 5 4 7  2 5 2  2 2  6 8  1 7 6 7 1 2  6 2 5 0  2 4  6 4  7 2  1 2  2 7  2 5 2 4  4 

#IMAGE NAME: 026r.jpg
1 3  6  0 5 5 6  2 2  0 2 4 2  6 1 7  1 3  2  8 0 2 4  1 3   0 1 7  1 5 6 2 1 2 2  2 1 6  2 2  4  2 4  0 8 4  2 1 6  1 3  0 5 5 0 2 4  2  1 1 8 2 
7 4  2 4  0 5 2  1 7 8 2 5 6 2 7 0 1 2 6 2 4  1 2 4  1 7 0  2 2 2 4 2  2 1 6 5 5 6 2 7 6  . 6 7  2 5 0 7  2 5 6  2 7  6 1 3  4  2 5 0 
1 3  4 1 7  1 2 2 2 1 2 1 0 7  1 3  4  2 5 2  2 4  0  . 1 2  6 2  1 4  4 2 5 2 5 2  5 6  2 1 4 7  1 3  4 5 5 6 8 7 4  1 3  6 1 7 6 1 5 0 7  2 5 6 4  .
5 6  5 8 2 2  1 7 6 1 2  4  5 5 6  1 8  1 2  1 6 0  2 2  0 2 4  8 7  5 8 2  1 2 2  2 4  2 4 6 0 2 4 6  4  2 2 2  5 2 5 4  2 1 4 7 1 3  4 
5 6  4 1 7  1 2 4  2 4  1 3  6  7 4 1 7  0  1 2  1 6 0  5 8 1 1 6 2 5 2  1 4 4  1 2  0 5 5 6  2 5 4 1 7  7 2 2 5  6 1 4 6 1 2  4  2 5 6 2 7 6  2 
8 0  2 4  2  5 6  2 1 4 7  1 3  4 5 5 6  4  1 2 6 4 5 1 2  1 6 0 1 3  8 7 2  2 2 4  1 3  6 7 4  2 4  6 2  8 7  2 2  2 4 2  1 2 0 5 
5 2  <CLEARTEXT PL a f l no paressi cio uusus> 4  1 9  1 2  1 6 0 6 2  5 1 2  2 4  6 8 0  2 4  0 6  1 3  1 6 4  8 0 2 4  5 4 2 2  8 2 1 4 
2 2  2 4  2  1 6 6 1 1 6 2 5 6 2 7  0  a poi t 1 7  4  7 2 7  8 2  1 7  0 8 4  5 6  1 4  4  1 2  0 5 5 6  2 3  8 0 5 2 5 2  7 0  2 2  0 2 4 
2 1 0  7 0  2 2  0 2 4  4 1 7  2 5 2 4  6 7 2 7  2 2 2  2 5 0 8 2  2 1 4 7 1 2  4  2 4  1 3  4  2 4  7 0  5 8 1 1 6 2 5 2  4 8 6 
5 2  4  1 8  <CLEARTEXT PL acio prouedessi come li pareua t di guelto modo> 1 7 2  2 4  2 4 0 5 2 5 4 8 4 
7 2  1 3  6 5 1 2 2 1 7 2 2 4  2 5 6  <CLEARTEXT PL a passaua la cosa co magior vepuratioe no di
meno> 5 0  2  2 8 2 4  8 2 1 7 0 8 4  7 2  7 2 7  2 1 4 7 1 2 1 6 0 2 4 0 6  1 3  6 1 4  4  2 4  1 7 6 7  2 5 6  2 1 4  2 5 6 2 
7 0  <CLEARTEXT PL be recordaus> 5 0 1 7  2 1 4 7  1 3  4  2 4  4  2 4  2 2 1 4  2 2 4  2 4  0 8 4  1 1 8 2 7 2  7 2 7  5 6 
1 4  1 2  0 5 5 6  5 0 7  2 7 4  1 3  0  2 5 2 5 4  2 4  0 5 2  1 7 8 2 5 6 2 7  0  <CLEARTEXT PL ilotgn be mill$uslre> 1 8 1 8 4 
8 0 5 5 6  8 2  1 7 8  2 5 2  2 1 2  5 2 5  2 4  4  2 4  1 1 8 2 7 4  8 2  1 7 2 7 2 5 4  1 7  6  2 1 6 7 6 5 2 5 2 4 6 5 6 2 5 2 4 
8 0 2 4  6 4 7 2  2 5 4 7  2 5 2  2 4  0 1 4  2 4  0 1 3  4  2 5 6  <CLEARTEXT PL a masime> 2 8 1 2  1 6 0  5 6  2 2 2  2 5 0 8  4 
2 4  0  2 2  8 2 5 4  2 4  1 5 4  1 1  4  2 5 4  1 2  1 6 0  7 2 7  2  2 5 0  2 4  2 4  6 4 7 2  6 1 7  1 1  6 5 2 1 5 7 2  2 2 6 4 
2 3  8 0  4  2 3  8  0 1 7 1 7 6  1 2  1 6 0  2 1 6  2 2 4  2 4  1 7  4  8 4 7 2  6 1 7  1 2 2 7 5 0 1 5 1 7  6 2  . 2 1 6  2 2  2 4  0 
1 5 2  2 4  7 2  8 2  1 7  0 5 5 6  5 2  2 2  2 4  4 5 0 1 3  0 2 4  0  6 1 7  1 3  0 5 2 2 4  1 2 6 2  2 2 0 2 4  2 5 8 2 5 2 5 2 
1 4  0 1 1 2 4  4  2 4  2  1 2 1 6 0  5 8 1 1 6  2 5 2  5 1 2  2 4  6 8 0 2 4 6  4 7 2  . 5 2 2 0  2 4  4  8 4  7 2  1 1 8 2 7 4 
2 4  0 5 2 1 7 8 2 5 6 2 7 0  1 6 2  0  2 6 2 2 0 2 5 4  2 5 2  . 5 1 7 1 6 2 1 5 6  <CLEARTEXT PL prims dimarz> 0  7 2 7  1 6 2 
1 2 2  5 4  1 7  1 2  8 7  4  5 0  8 0 2 4  2 4  4  2 2 0 2 4  2 5 8 2 5 2 5 2  <CLEARTEXT PL domane auisaro il tutto asno>

#IMAGE NAME: 026v.jpg
<CLEARTEXT PL ho dehberato no tardar piu guelto dispacio acio . ~ . s . intenda no hauer lomacato
di far tutto> 2 2  0 2 4  2 1 4  7 1 3  4  2 4  1 7 2  1 1 8 2 7 2  <CLEARTEXT PL poi tssta apre la porta alle reserue
in guelto regno ho pensato domadame una buona comunne p . ~ . s . a p mi lagle
so certo sia p hauer pretto eftetto ae guelta gui si ritroua> 8 7 8 0 5 1 2 2 8 2  1 3  6 5 4 2 2  1 6 0 
7 2 2 1 6 7  4  2 5 2  1 5 6 2  4 7  5 8 2 5 6 1 7  1 2  1 6 0  2 5 6 0 7 0  8 7  2 1 2  7 4 5 2 5 6 0 2 4  2  2  8 0 2 4  2 2  2 4  6 2 2 4 
2 5 2  5 2  1 7 6  2 5 2  1 5 2  8 0 2 4  7 4  2 4  5 5 6  2 2 0  2 4 2  2  2 4  6 2 2 4  0  5 4 7 1 2  2 5 6  5 4  1 7 8 4 
2 5 2  2 4  6 5  1 3  0  6 1 5  2 4  0 6 2 2  sine 1 3  0  0 1 2  1 2  1 7  0 5 6 2  1 7 4  <CLEARTEXT PL ordinis canonicoru regulariu s
Auguftini> 2 2 2  2 4  2 5 8 1 5 4  1 7  0 7 5 5 6 5  1 3  6  2 1 2  0 5 6 5  1 2  1 6 0  8 4  1 7 0  2 4  4  2 2  2 4  0 5 5 2  1 3  0 1 3  8 4  2 1 6 1 7 6 4 
1 3  8 : 6 1 7  2 3  8 4  1 7  0  8 0 1 2 1 6 6 2  . 6 7  1 4  0 2 4  2 1 2  1 3  6  2 1 4  7  6 0  2 4  4  1 2  1 6 0  7  2 7  2 2 8 2  1 3  8  2 4  4 2 4 
2 1 2  1 7  2 5 2  <CLEARTEXT PL pero suplico . ~ . s . si sforzi d ottener subito di guelto reserua i pectore co
darssi comissione al sor batario a doue bisogna d uenedo lauiso sstasia aduertita
a cotentadossi di farci guelta gra dica darmelo p reco penza d le mie fatiche
zt sperero co laiuto d jdio a buoni amici caucarne coftructo> 5 0 1 1 0 7  6 7 2 5 0 7  1 3   1 9 
2 2  0 7 5 4  1 3  2  2 1 4 7  1 3  4  2 4  1 7 2  2 2 0 2 4  8 7  6 2 4  1 7 2  1 2 2 7  5 4 7 1 2 2 5 4  1 2 2 4 2 1 2  0  1 3  6  1 2 2  1 7 6 2 1 
1 1 2 4 6 4  1 2 1 6 0  8 4  1 7  0  2 2  2 4  0 5 2  1 3  0  8 6 7 2 5 6 2 1 6 1 7  6 4  1 3  8 1 2 : <CLEARTEXT PL sotto pretelto> 1 3  0 8 7 4  8 7 6 8 0 2 4 5 6 2 4 
1 2  1 6 0  1 7 6  5 0  1 2 2  2 1 6 7 1 2 6 4  2 5 4  4 1 7 4  2 3  8 4 1 7 0  2 2 8 2  5 8 2 2 1 7 6 2 4  1 3  6 2 5 2 5 4  5 4 7  1 2  2 5 4  1 2  2 4 2  1 2 0 
a gn no 2 2  8 2  1 9  1 3  4  2 4  1 7 7 6  1 3  0 1 7  5 8 2  <CLEARTEXT PL a poi t mi ritrouo in guelto ragionameto dirot>
5 0 1 8  7 2  7  5 0  2 4 2 4  4  1 7 4  2 2  2  2 4  2 5 4  4 5 6  2 1 6 1 7  8 7 6 2 7 0  . 4  1 7  2 5 2 4 0  1 2 1 6 0  5 6  1 4  4 7 2  4 1 3   1 2 4 
2 2  0 1 7 1 7 0  4  1 3  2 1 6 7 6 5 2 5 2 4  4  2 5 0  . 2 1 4 7  1 5 6 4  2 5 0  1 3  4  1 7 4  6 1 2 6  1 2  2 7  1 7 4  2 3  8 4 7  2 5 6  2 5 4  1 3  0  1 7 0 
1 2 2  2 1  2 1 0 7  1 3  0  <CLEARTEXT PL tra diece ani no reltera al lero di portugallo seno canonican a 
~icarie di po co mometo t oltre il carnico di coscierotia sara gradiss dano de
la camera a infamia dl ordine qcclesialtico> 1 3  6 2 4 2  4 7 1 2  1 6 0  1 3  6 2 4 5 5 6  1 2  1 6 0  1 9 

#IMAGE NAME: 027r.jpg
2 2  2 4  2 1 2  8 2 4  4  1 3  6  2  2 5 2 5 0  7 0 2 4  6 7  1 2 2 2 1 2 1 0 7 1 3  4  2 2 0 2 4  8 7 5 8 2  1 4 2 4  4  2 5 0  1 7 1 7 2 
1 2  1 6 0  5 6  1 2 4 5 4  1 2 2 7  1 7  4  5 2  2 4  0 1 7 4  1 3  0 1 7  1 3  8 1 2  4  1 3  6  1 1 2 4  4  1 5 4 7  2 7 4  6 1 7  2 2 2 4  0 1 4 4 
2 5 2  2 2 2 4  6 2  2 4  4  2 5 2  1 3  6  5 4 7  1 2  2 5 4  1 2  2 4  2  1 2  0  1 2 1 6 0 1 6 2 2 4  2 5 6 0 7 0 1 7 6 7 1 4  4 7 2 5 0 
4  2 4  1 2  6 8  0 5 1 2  2 8 2  1 3  6  1 1 2 4  4  1 2 4  . 2 3  8 4  7 2 5 2 7  2 3  8 0 1 9  . 5 8 2 6  1 4  2 4 4  2 5 0 1 7 1 7 6  5 6  4 7 2 
1 3  0 1 5 7 6  1 3  6  2 1 5 7 6 1 5 2 4 4  2 5 6 4  7 2 7  2 5 4 1 2 0 2 4 2  1 2  1 6 0  2 1 4  6  2 2 6 8  5 4  1 7 6  2 4  4  1 3  0  1 7 4 6 
1 2 6 1 4  2 4  2 5 0 1 7 1 7 6 2  1 4  6 1 5 1 7  6  1 3  6  2 4  0  <CLEARTEXT PL il t dico no p ipedir li disegni loro ma 
p far mio debito di ausar ssta acio sapia guel t seli domaaa . Neacca
dendorni p guelta altro facio fine senza fine recomadadomi a~ . s .
ni Bracharia al p di Marzo 1 5 3  6 
se acaso lauiso madatoi fiatra no fussi capitito mado guelta
se coda co lordine mio acio ss si possi ualere .>
<CLEARTEXT PL Hffemo S^re di . N . S. el 
Nescoko d senogallia>