37344682475018734876089048739841356485541211646119644697009265
125439470677654020842467531715090470095219016214192212474095608632515
82275425927036744670705425097733099.7.39462409492186205521419209564561
0916219943501579094967509549671021404921567519090599098446675635492166
67367.067496450723593463424099769515466353793704964512581162682118346
09501235831055812021587042154146509702199435904921397076842254587375635
24704670210446794909729467702469516674990466609977421559221584331667
194658093810250158429526521.92235496714247209512512997949709003519492104
99465415831952155467070243021521205614604435635492190094964525126997
40979346645994604192104095231242900906540416733214909813654921237170095
0723593461497390954051909049909844667535126949219904098131509842955
81220952470467009834051526922157067212251242967747409065635364921542
70214943570672115811050904641670490949225415094949677046545.
50983745964649671024675634292706750249145474121579490971
265096191673169205.
