41 32 91 63 66 90 07 64 63 09 09 72 73 74 19 29 14 44 26 29 03 07 24
69
24
26 02
32 16 79 79 11 69 63 24 63 23 66 94 11 07 31 92 61 14 24 94 12 24 92 69 29 19 04 14 91 92 64 61 63 14 02 24 04 14 24 21 92 29 12 32 24 26 11 43 36 29 14 47 24 62 07
64 44 29 44 17 07 02 11 63 14 24 24 36 69 44 32 72 29 16 94 24 19 26 16 36 72 09 19 63 16 92 24 12 69 07 24 07 02 63 97 02 21 94 01 24 67 69 44 21 33 44 94 37 19 63 16 96 63 64 14 03 96 32 47 14 02 94 37 29 19
04 92 07 29 66 73 31 06 29 11 92 14 94 73 41 09 63 29 92 19 69 14 41 02 24 11 12 24 31 19 24 67 43 63 32 64 73 93 64 01 29 13 26 03 79 14 11 63 07 46 69 63 09 11 63 14 24 24 19 32 21 09 64 44 09 92 19 04 43 63 32 67 43 91 92 24 19 69 37 09 94 14 02 69 04 29 03 21 46 67 94 31 07 27 11 69 14 29 04 29 03 32 14 62 92 63 09 09 63 29 92 19 69 14 71 72 37 16 92 19 07 07 26 71 92 29 14 32
24 33 37 72 19 72 16 64 14 29 44 37 63 16 92 24
69
02 09 22 69 63 14 26 03 96 32 29 92 12 03 03 41 29 14 63 16 94 37 29 19 69 16 69 16 43 29 14 44 64 63 32 92 01 02 24 92 73 94 12 32 24 21 29 71 32 91 63 16 69 07 19 43 04 67 63 09 96 32 79 16 92 32 19 29 14 44 16 97 29 92 19 73 92 64 14 32 12 03 14 74 17 21 33 44 43 92 12 32 29 33 93 32 13 12 29 02 24 19 92 29 14 43 07 24 67 43 03 29 24 46 12 69 07 32 29 37 96 03 11 69 63 24 69 01 32 44 24 16 79 64 91 71 02 14 79 02 11 63 14 11 69 63 36 16 63 92 24 94 01 24 33 93 69 29 92 12 29 01 29 62 69 62 43 61 73 67 37 29 03 07 24 02 63 97 96 63 92 24 26 12 49 11 43 44 19 19 43 62 14 24 07 11 69 63 24 47 73 92 29 02 72 02 11 92 73 31 19 31 14 69 14 71 02 11 63 14 24 33 44 19 19 19 14 24 62 02 24 02 94 19 92 43 61 16 24 62 69
19 63 01 29 23 29 23 03 19
66 41 92 19 94 37 16 92 19 63 01 37 29 26 16 27 47 92 63 43 29 63 16 63 67 24 07
67 11 69 12 72 09 32 29 47 73 92 71 94 37 29 26 93 24 47 44 29 63 01 92 02 24 24 11 16 74 47 14 43 19 29 19 11 12 16 16 24 19
11 37 64 19 32 29 41 02 92 32 14 16 03 72 63 16 92 03 26 46 63 44 29 19 32 16 63 47 94 93 69 14 44 24 02 69 14 63 03 24 79 16 92 69 27 72 24 41 67 94 73 92 29 27 11 19 29 06 32 29 02 63 01 92 96 94 94 73 92 11 03 32 64 92 19 19 71 32 91 63 16 69 07 26 36 16 69 07 24 63 14 63 92 19 07 36 79 16 94 16 29
67 92 01 29 47 73 92 24 19
14 21 69 07 02
91 69 44 11 03 63 01 29 63 32 03 63 14 03 94 37 29 72 37 16 92 19 64 62 19 16 94 24 44 47 73 92 29 69 06 04 16 43 07 24
46 67 29 92 91 63 19 32 29 43 67 16 77 69 63 14 19 69 19 24 67 94 31 07 16 11 92 14 19 69 19 94 31 92 02 23 03 24 19 17 26 63 92 33 01 69 19 94 31 92 02 24 11 19 72 09 11 69 12 24 19 32 29 29 19 31 16 04 43 91 11 04 16 43 21 29 71 64 19 94 16 69 63 14 64 14 24 19 32 29 62 21 29 01 29 63 32 21 14 11 43 69 29 94 94 16 16 69 07 43 36 01 01 29 69 19 94 31 92
69 19 43 19 24 24 02 63 92
91 93 24 32 04 01 34 29 22 37 96 03 26 16 02 11 63 14 24 33 93 19 29 71 41 63 93 07 26 69 46 29 71 41 63 93 07 26 69 44 19 23 29 04 24 36 31 16 04 43 91 11 02 13 47 07 97 14 44 24 63 92 21 29 71 02 94 19 92 43 61 16 07 24 39 24
64 14 67 32 29 04 03 79 16 32 19 63 01 72 04 43 63 09 32 91 63 16 69 07 02 41 36 72 32 19 29 63 03 34
04 16 43 16
21 46 32 16 94 11 16 43 61 16 22 33 44 09 24 19 43 61 16 11 73 36 29 14 63 16 94 37 29 62 41 43 61 73 67 16 79 03 16 09 07
62 41 67 63 07 03 47 07 97 14 44 62
32 19 11 16 63 29 26 03 14 19 94 12 24 16 63 02 24 02 69 14 31 16 92 19 29 14 44 24 11 69 63 24 16 94 31 19 92 19 24 24 19 32 71 24 62 21 69 07 24 33 04 14 91 92 64 61 63 14 69 44 09 32 71 32 64 62 02 24 11 41 27 71 24 02 24 94 16 94 31 13 24 96 32 29 03
02 21 33 93 24 47 44 29 29 19 32 29 02 11 92 14 67 24 37 16 63 92 73 11 16 24 19 32 24 37 64 44 09 92 04 43 63 09 92 12 24 44 04 11 63 31 69 14 43 64 91 69 44 43 92 12 27 29 62
09 32 11 03 32 09 11 03 71 97 71 66 29 73 94 31 16 92 04 24 36 02 47 43 29 73 24 63 92 07 11 12 24 31 19 24 07 24 11 19 92 29 14 24 19 32 24
46 24 44 29 21 92 29 12 09 94 37 29 37 72 19 32 64 32 73 94 31 03 32 19 29 92 14 31 63 37 29 33 19 21 11 92 27 21 41 94 73 02 92 19 29 14 44 02
02 21 96 71 41 26 93 16 79 12 67 02 11 03 63 01 92 91 43 26 71 14 02 16 94 37 16 92 19 36 16 69 07 24 19 43 03 64 14 71 19 11 16 94 47 26 31 06 64 19 32 24 69 16 24 11 41 27 71 24 29 03 24 63 11 63 16 24 46 44 29 16 43 61 19 11 16 19 62 69 62 24 94 16 94 31 03 24 64 19 32 24 07 24 11 03 24 37 71 24 02 69 14 31 16 92 19 29 14 44 24 02 93 19 16 71 64 14 29 33 44 04 41 01 29
04 24 36 19 72 14 92 37 19 94 06 02 41 03 11 63 31 69 14 62 62 69 01 32 64 37 19 72 14 92 12 32 36 16 69 07 04 01 29 23 29 11 37 64 19 32 29 41 02 92 32 06 72 63 16 92 03 66 11 69 63 24 02 63 27 72 29 94 93 69 14 44 24 02 11 92 14 67 24 24 92 07 24 63 14 26 24 02 69 26 19 29 33 44 03 96 94 37 96 14 29 02 14 19 21 29 92 19 27 26 33 44 09 23 24 01 29 22 94 14 79 16 03 02 94 37 19 21 92 02 32 23 03 64 04 19 32 29 19 72 16 04 43 19 24 62 07 29 19 29 09 63 91 69 63 29 22 94 19 92 43 61 16 92 04 72 03 02
29 19 32 64 14 24 62 69 44 71 94 01 72 32 01 29 29 19 32 29 64 27 64 14 47 47 16 03 32 21 66 07 24 19 47 03 03 24 34 96 32 29 27 09 32 29 06 29 14 37 24 21 24 17 29 14 43 63 69 19 92 14 71 77 02 41 11 92 73 11 03 19 14 36 11 63 03 29 41 99 64 31 03 03
93 32 13 19 22 16 63 02 11 63 14 24 69 44 72 71 94 24 63 09 19 24 67 94 31 07 16 02 24 26 19 29 24 02 16 44 29 07 24 73 31 06 29 24 02 02 69 11 43 16 92 19 29 14 44 24 12 37 29 26 16 11 69 63 24 14 94 11 73 92 29 19 32 24 26 37 94 16 94 16 71 94 24 11 69 63 24 16 94 31 19 92 19 24 94 19 32 24 66 21 29 26 19 29 34 32 96 71 69 91 63 16 92 29 63 03 23 71 17 07 96 94 71 64 19 47 47 92 13 11 03 67 32 71 94 93 07 16 11 14 09 24 26 33 19 32 29 04 47 44 64 26 33 19 32 29 19 41 47 73 92 94 16 02 24 96 32 47 16 03 32 21 24 19 37 29 19 94 16 92 04 16 43 21 39 64 41 63 29 03 96 71 07 96 69 44 16 69 13 73 92 43 76 46 09 67 32 64 73 92 29 22 64 19 32 24 21 24 74 92 96 32 79 19 32 21 24 02 94 19 32 02 64 19 32 24 63 32 94 16 94 01 03 33 93 19 03 94 14 24 19
26 33 16 69 07 19 37 24 63 14 71 23 29 96 94 94 63 32 14 62 92 17
04 97 26 19 29 24 02
02 24 16 97 11 69 14 43 19 29 14 44 24 24 19 63 01 92 19 33 01
11 16 63 29 67 71 32 14 92 03 41 29 14 63 16 74 37 29 04 97 37 72 19 72 19 72 16 94 37 24 62
19 04 16 43 16 60 07 21 79 24 63 92 21 24 02 63 97 73 31 06 29 24 33 44 29 92 91 07 29 91 71 24 07 24 02 69 14 31 16 92 19 29 14 44 32 24 21 29 71 02 92 32 06 03 02 94 19 92 43 61 16 71 32 64 09 10 11 63 13 16 92 21 69 07 24 62
19 23 23 71 24 64 19 32 24 07 24 11 92 73 63 27 21 24 66 19 90 13 71 92 41 09 72 73 74 19 29 14 44 04 16 32
19 41 62 69 07 24 19 43 61 16 94 27 01 29 41 11 92 73 11 73 36 29 14 44 02
34 14 63 93 07 29 26 66 41 62 69 07 41 11 92 27 74 11 19 07 63 93 07 02
26 16 04 96 63 21 64 04 29 03 24 04 16 43 16 69 07 94 44 29 03 63 32 11 37 43 61 19 32 29 06 97 29 03 94 16 16 69 07 19 67 92 63 14 04 94 01 32 24 19 94 26 29 41 11 73 69 14 29 14 62
37 02 92 91 71 41 62 69 07 63 14 24 01 29 12 03 11 03 32 69 03 19
63 32 11 03 19 63 14 24 24 63 92 41 36 94 11 07 91 63 16 92 29 63 03 34 96 94 71 64 19 47 47 92 13 26 07 23 03 11 73 92 71 92 04 97 26 19 29 24 72 37 92 04 97 19 47 27 64 19 94 37 16 92 41 09 72 73 74 19 29 14 44 04 16 43 34 12
26 19 37 19 29 29 14 03 92 12 32 36 07 24 91 63 16 92 29 63 03 24 02 41 17 29 02
94 16 94 16 21 29 71 63 63 16 19 26 16 02 96 32 21 92 71 16 24 91 24 07 11 03 71 97 71 62
07 24 39 24
49 36 79 19 32 29 29 91 14 91 92 24 19 09 63 91 69 01 92 29 92 12 71 92 62 02 31 91 43 61 16 44 29 26 16 73 16 94 72 16 77 02 02 94 19 32 02 92 41 02 24 24 60 04 07 24 73 92 64 03 24 02 07 63 29
33 93 24 19 29 71 32 02 29 37 96 03 66 03 62 92 14 92 02 24 96 94 94 14 24 24 12 03 24 21 79 24 19 32 24 64 91 71 64 19 32 24 07 24 63 24 96 32 47 16 03 32 21 24 04 16 43 21 24 96 94 94 14 24 24 12 03 24 62 07 96 94 71 64 19 47 47 92 13 16 97 11 69 14 62 92 19 11 69 63 24 17 29 14 43 63 69 06 03 94 97 29 24 19 96 94 94 14 24 36 44 96 32 47 16 03 32 21 24 04 97 62 62 07 24 07 94 19 92 46 24 02 31 44 32 19 43 19 72 14 92 19 26 17 07 92 19 96 94 94 16 43 61 16 47 02 41 94 31 19 24 24 19 02 17 21 62 07 96 47 16 41 94 74 79 21 30 11 03 94 06 92 26 11 16 63 29 26 03 66 24 44 11 73 11 03 27 71 92 03 29 37 19 03 11 03 67 32 71 41 96 32 63 37 19 32 21 26 41 09 21 24 36 71 19 24 19
33 01 62 67 24 11 03 94 06 03 24 27 79 92 63 43 29 14 44 24 09 69 63 14 49 94 14 24 67 32 29 22 94 16 94 16 64 19 69 07 92 37 29 91 29 96 94 94 63 32 14 43 19 29 14 63 16 94 37 29 19 63 16 43 41 94 31 19 24 24 19 64 16 63 92
37 47 27 93 24 67 11 41 72 09 32 29 33 44 19 64 44 09 04 11 63 31 69 14 43 69 14 02 16 96 94 94 63 62 09 63 91 69 01 29 22 41 09 63 29 19 69 14 71 94 12 24 33 93 16 97 14 72 16 01 29 67 63 07 94 37 29 62 07 29 19 29 64 01 29 62 02 43 41 03 91 36 69 63 16 63 29 11 03 32 64 03 17 29 14 66 91 96 32 29 32
26 93 24 47 44 29 19 24 67 77 96 32 32 01 29 03 62 07 11 92 27 74 11 19 69 31 63 29 16 79 02 09 11 02 73 74 16 92 63 32
02 09 63 29 92 19 69 14 71 10
24 36 97 94 93 07 61 73 94 94 16 24 21 46 16 79 02 94 19 32 02 92 69 21 13 24 36 31 07 33 01 33 93 37 24 01 29 29 03 24 19 13 29 26 41 64 16 11 69 63 24 62 11 92 73 31 19 31 07 62
69 63 21 32 71 92 19 24 19 32 24 21 41 02 21 66 63 92 24 93 16 79 21 92 29 12 32 62 09 66 93 09 69 13 39 24 36 29 92 04 12 69 07 02 24 44 96 71 19 33 11 32 14 92 02 24 19
29 91 29 41 33 93 11 16 63 29 71 32 64 03 19 41 24 19 29 14 24 47 19 43 43 43 29 14 44 26 29 92 19 32 46 69 14 71 02
64 19 32 24 41 36 29 63 19 29 14 44 16 94 31 19 92 92 19 24 24 19 32 71 26 29 03 24 02 69 14 43 19 71 91 16 69 07 62 92 91 63 16 19 29 91 24 16 72 19 92 61 12 47 96 94 16 41 94 92 13 19 29 71 32 64 07 14 91 92 64 61 63 14 41 03 11 44 67 26 07 24 29 92 63 43 29 14 44 24 02 24 19
24 63 92 07 24 03 11 36 32 29 19 29 14 44 24 92 19 11 73 92 71 16 24 74 02 24 24 24 63
26 93 16 92 03 24 21 92 29 12 32 62 41 02 69 14 31 16 92 19 29 14 44 24 63 92 21 24 02 63 93 31 06 29 24 03 79 16 92 19 37 24 63 24 11 37 24 14 63 24 31 92 16
67 24 01 29 16 97 11 69 14 62 16 24 63 92 07 24 03 11 03 24 37 29 19 29 14 44 24 63 14 63 16 24 26 11 03 24 24 19 32 71 24 62
19 23 71 24 04 96 94 71 64 19 47 92 13 06 11 39 21 92 24 19
19 32 03 92 64 19 32 24 41 36 29 63 19 29 14 44 46 24
19 47 27 02 41 29 14 03 92 02 72 43 29 92 11 96 31 62 49 11 69 06 29 29 16 31 63 72 03 41 64 14 71
26
93 24 19 72 14 29 02 23 03 96 32 67 32 29 14 92
04 69 66 32 24 02 22 43 69 94 93 07 61 73 94 91 11 62 46 63 07 94 37 29 62
03 43 41 94 16 07 24 94 73 91 44 24 64 44 19 11 63 06 21 29 71 02 94 19 32 02 24 44 29 62
09 11 16 63 29 03 47 63 69 22 16 96 63 29 03 47 63 69 22 16 96 63 92 24 24 19 32 24 92 73 94 11 03 37 63 14 36 16 03 19
46 11 03 32 64 92 19 21 10 34 63 24 66 63 09 24 92 19 43 29 14 44 02 24
77 26 24 37 63 32 16 92 19 24 63 92 24 44 96 94 94 16 92 21 62 07 24
96 63 92 92 44 29 94 16 94 16 07 24 11 69 63 24 72 92 19 32 64 24 92 14 24 62 24 37 21 43 19 24 03 41 29 14 63 16 94 37 29 19 69 21 03 29 90 32 36 02 92 19 31 07 33 93 24 44 29 64 19 32 24 07 24 47 44 64 24 02
62 36 41
63 10 63 29 71 32 14 92 19 31 24 73 69 63 94 29 92 14 72 63 16 63 92 24 63 92 21 29 19 92 29 14 43 07 07 17 29 14 02 42 09 63 29 92 19 69 14 71 24 63 43 96 94 31 16 92 19 29 73 29 19 07 94 37 29 07 11 16 63 11 07 24 19 32 14 94 16 92 19 66
26 26 07 29 19 29 69 21 93 29 92 12 09 94 19 69 72 03 69 63 14 64 19 32 24 41 62 03 69 07 02 24
26 19 23 03 24 44 02 92 32 06 92 16 44 73 92 29 62 36 04 96 32 29 92 12 03 44 64 44 09 07 64 14 29 66 63 92 24 07 11 16 31 10 03 47 69 16 43 61 14 92 19 04 16 43 11 69 63 24 02 24 19 32 24 92 01 64 24 63 92 64 11 92 73 11 03 24 21 03 29 24 62 69 63 09 02 24 02 63 97 02
91 02
64 01 29 29 14 03 92 21 29 26 19 29 02 44 41 69 43 11 92 92 19 24 62 21 79 09 43 94 32 92 74 73 92 29 19 32 29 66
66 21 92 09 24
02 63 14 71 24 61 92 12 16 21 99 92 64 26 41 96 32 47 14 19 32 21 24
04 69 63 62 24 19 03 69 32 21 01 19 24 63 24 64 14 29 24 67 96 63 92 24 26 24 44 40 34 63 24 66 41 09 63 29 92 19 69 14 71 02 24 11 12 24 31 19 24 09 11 16 63 29 33 19 69 41 92 94 16 92 26 03 63 16 92 09 24 10 24 14 19 32 21 24 63 92 21 24 02 22 46 14 32 27 96 32 29 03 07 24 94 16 94 16 24 11 92 36 32 21 24 34 72 62 29 91 24 21 63 94 62 41 14 29 31 06 32 21 29 14 44 09 24 66 44 37 19 24 13 44 09 21 69 69 14 23 72 12 64 11 11 29 09 32 67 92 44 29 11 69 63 24 07 24 94 12 29 03 24 26 62
03 64 63 14 29 19 07 93 29 03 94 14 71 63 92 19 73 31 69 14 72 16 02 11 03 32 64 03 07 17 29 14 02 60 64 91 92 37 29 03 07 24 31 92 19 24 02 41 11 03 94 06 03 11 63 14 24 24 19 32 21 46 69 21 19 94 16 94 16 02 44 92 31 21 69 26 26 96 26 32 29 91 12 03 62 41 63 29 26 03 64 12 69 07 63 92 24 24 72 91 41 92 44 43 69 16 94 16 26 19 67 24 21 03 29 24 19 64 04 29 03 24 16 72 19 92 64 24 07 96 94 71 64 19 21 31 91 76 33 29 03 92 36 26 96 24 19 43 44 64 19 32 24 21 21 24 92 12 29 44 24 26 93 69 11 31 07 33 44 16 79 19 24 64 24 63 19 44 02 24 19 31 44 09 63 73 69 44 14 21 11 37 64 19 32 29 44 24 91 19 43 01 29 19 62 43 31 06 11 32 91 44 44 24 62 67 24 43 92 12 32 71 24 26 21 69 07 24 02 24 19
24 44 29 62 01 29 14 62 07 24
19 11 16 69 07 32 29 19 31 63 36 63 16 94 32 03 11 63 31 69 14 43 12 32 09 24 01 29 22 07 94 12 29 03 02 31 73 92 09 92 07 67 96 63 92 24 04 93 69 94 93 07 61 73 94 94 16 24 32 14 02 94 11 16 11 36 16 92 62 21 11 03 94 06 92 09 32 29 92 12 09 64 09 29 03 24 02 94 19 32 02 24 26 19 41 47 27 03 22 19 21 64 32 02 22 93 29 14 04 63 14 92 14 31 63 24 93 64 44 09 66 92 21 22 44 16 22 19 41 64 16 17 29 14 32 19 22 26 16 19 24 64 73 92 29 66 16 94 11 16 43 61 16 26 63 09 43 26 24 14 34 16 36 14 41 32 24 26 19 29 24 72 37 16 92 04 94 63 29 03 29 92 19 32 43 61 16 16 93 16 91 42 16 64 12 69 07 63 92 24 22 34 02 07 21 29 34 03 11 02 07 29 19 29 37 11 03 32 64 19 32 29 33 44 64 01 63 16 73 69 16 92 24 63 92 63 09 02 43 41 92 11 29 14 44 43 92 94 16 69 00 24 11 29 34
62 21 94 33 21 92 62 09 14 72 16 92 19 02
62 07
33 16 36 07 29 92 19 32 24 11 73 92 29
13 19 92 14 63 16 61 16 63 92 16 63 67 94 37 29 93 32 13 04 92 19 22 02 72 63 16 92 92 16 37 16 63 92 73 11 16
07 96 69 73 09 09 13 73 92 76 94 19 02 32 91 63 16 04 19 24 24 03 62 24 96 63 92 16 79 29 03 24 64 14 24 11 73 67 04 03 32 91 63 16 69 07 94 37 29 34
02 24 63 31 36 02 26 46 69 09 64 91 29 01 29 22 62 94 92 07 96 94 71 02 47 07 94 27 72 37 46
04 01 29 41 11 69 63 24 29 21 92 19 32 02 96 32 47 14 19 32 21 09 49 47 16 43 29 14 44 19 21 29 71 19 47 23 03 19 24 44 19 92 92 14 63 16 16 19 61 19 32 73 63 03 93 94 12 91 29 19 33 14 74 44 32 26 01 29 37 96 03 32 14 47 92 01 64 32 14 43 61 04 64 26 62 69 63 14 16 94 16 64 19 32 24 02 24 94 73 94 37 24 64 27 11 19 29 14 37 21 67 24 37 37 29 01 29 27 43 69 27 16 66 07 36 79 16 94 16 02 24 19 32 29 14 96 32 29 14 32 37 29 14 79 71 24 26 02 41 14 24 67 92 19 69 07 92 07 24 43 61 73 67 24 24 63 92 07 96 32 29 27 37 29 96 94 16 36 69 07 24 66 92 01 37 29 62 21 11 37 64 19 32 29 93 09 02 24 11 16 92 01 29 22 33 19 11 03 24 07 97 16 94 11 07 02
44 09 24 63 14 63 14 29 14 74 26 62 06 11 91 63 01 24 26 03 49 24 63 19 02 46 69 67 43 44 02 92 01 29 14 74 32 73 24 27 71 92 26 24 26 94 16 24 02 94 19 92 43 61 16 24 69 73 92 24 33 93 67 92 01 29 71 94 24 02 07 24 23 03 02 29 91 71 24 67 24 47 73 92 21 24
62 07 94 73 94 37 29 19 43 29 63 16 69 34 96 71 64 61 19 32 73 63 03 17 01 29 07 11 69 63 24 11 92 73 11 03 11 37 64 19 32 29 33 91 13 16 79 37 96 03 64 19 32 24 69 27 21 92 29 14 29 63 02 02 24 16 63 37 16 94 37 24 16 32 19 94 16 92 14 62 64 04 29 19 32 29 62 14 12 37 29 03 63 63 62 22 13 16 79 29 64 19 32 24 69 14 02 16 91
07 31 92 63 14 29 62
16 79 37 09 72 73 74 19 29 14 44 04 16 43
09 17 01 29 22 26 03 37 29 06 03 94 37 29 24 19 32 24 47 44 02 94 16 32 29 26 69 44 19 24 63 03 62 69 44 19 23 29 03 16 69 07 94 37 29 62 69 62 24 02 94 19 92 43 61 16 24 04 11 03 24 02 21 11 92 27 21 46 04 92 01 29 11 92 73 94 14 24 19 21 92 29 12 09 24 96 32 64 14 29 14 44 24 02 67 71 32 14 92 29 92 19 32 46 07 29 19 32 29 62 41
09 03 94 63 16 92 01 29 22 07 24 17 29 14 24 19 32 24
46 24 44 29 37 72 92 19 32 64 32 73 94 31 03 24 63 29 91 29 19 19 94 79 16 92 64 19 94 47 44 29 29 91 29 21 46 69 24 11 16 63 63 37 29 66 19 43 03 64 14 29 16 92 21 29 71 32 91 63 16 69 07 33 01 62 11 16 63 43 92 01 19 31 07 06 03 94 19 92 62 33 16 69 07 27 29 92 14 62 31 16 04 96 63 11 41 94 31 19 24 19 02 63 92 02
21 02 92 32 06 92 94 19 63 63 24 44 02 92 11 69 63 36 16 63 92 44 01 24 24 63 92 07 24 64 14 24 11 73 36 29 14 44 24 02
66 63 32
02 24 63 31 36 02 04 16 43 41 36 37 09 19 33 01 06 69 63 14 03 11 44 34 96 32 79 19 94 37 29 62 06 32 97 26 01 24 22 27 79 92 63 14 29 26 62 32 91 24 04 14 44 24 63 32 39 19 11 19 92 14 24 04 62 69 93 26 01 29 11 69 63 24 32 19 29 63 03 69 02 24 19 64 03 24 67 92 33 19 94 01
61 19 72 92 27 02 21 33 44 09 94 44 29 03 22 11 69 63 24 02 63 14 72 63 16 63 92 94 92 61 19 24 69 19 32 72 94 19 32 02 04 03 36 02 32 29 02 31 19 63 06 03 46 69 19 17 73 07 34 34 43 02 09 42 43 19 79 07 62 24 44
67 92 19 03 32 91 63 16 69 07 26 46 69 32 19 22 41 02 24 63 24 41 94 01 32 64 03 27 46 26 63 02
07 24 19 11 19 03 32 21 24 66 69 04 72 94 37 29 19 29 14 44 02 24
64 14 94 14 32 63 16 02 14 91 92 37 14 91 92 26 93 32 13 19 11 03 24 62 11 69 63 24 02 24 49 19 32 21 62 69 07 12 29 69 06 63 94 12 24 14 12 02 47 73 92 71 24 92 12 24 44 24 02 43 92 01 03 33 93 09 32 67 92 19 62 94 06 63 97 66 32 73 24 19 47 23 03 24 17 21 62 41 11 03 94 06 03 67 23 24 19 32 29 07 24 73 11 73 24 19 32 24 03 64 91 31 07 92 01 37 29 02 64 14 47 14 43 63 69 71 77 24 63 92 07 03 32 91 63 16 69 07 94 37 29 02 24
02 24 63 31 36 02 24 91 24 07 11 03 71 97 71 73 92 64 14 32 12 03 64 27 11 63 14 24 19 32 21 96 94 94 16 44 07 64 14 29 02 14 19 61 04 71 94 37 29 46 69 16 79 27 11 73 24 36 31 07 02 23 03 69 63 32 26 69 04 29 03 37 94 16 94 16 71 94 24 21 46 26 44 09 31 16 04 96 63 11 43 16 79 62 69 73 11 73 36 29 14 44 09 23 29 22 41 94 01 32 64 03 27 11 03 24 36 44 24 63 92 07 11 16 63 11 07 92 47 04 64 92 01 29 02 24 16 63 37 16 94 37 24 26 62 69 33 16 24 02 72 03 77 02 43 92 12 32 71 02 11 69 63 24 66 07 03 94 63 16 92 24 93 47 04 29 02 64 16 63 97 43 67 24 69 63 32 17 24 19 94 79 16 92 64 19 94 01 24 96 32 24 37 29 14 92 44 29 37 96 03 11 69 63 29 73 29 04 03 32 91 63 16 69 07 94 37 29 24
33 19 69 04 72 94 37 29 19 29 14 44 46 61 19 32 24 07 63 92 24 11 92 27 74 11 16 24 37 16 79 63 09 66 07 11 91 63 01 92 34 79 19 64 61 91 02 92 94 92 13 73 92 76 16 79 47 73 92 29 43
07 24 11 92 27 74 11 19 07 24 92 12 24 44 24 33 44 19 19 69 07 72 63 16 16 24 64 19 32 24 07 24 02 31 19 29 24 33 93 13 19 16 63 24 63 92 21 24 63 29 64 19 32 24 41 24 67 94 31 07 26 02
67 03 34 14 67 32 29 37 24 63 31 79 19 32 21 04 97 24 63 14 63 19 32 71 24 11 92 14 94 73 62 36 07 64 19 32 72 16 24 44 32 29 07 24 11 12 24 31 19 24 24 44 29 94 37 19 21 24 16 79 71 69 62 07 69 73 92 64 61 73 69 02 92 09 24 24 41 23 29 96 32 32 01 29 03 14 74 63 94 72 94 37 29 19 29 14 44 02 29 03 14 77 16 94 93 07 61 73 94 92 16 24 09 79 22 24 63 47 14 24 19 32 71 66 07 02 29 73 63 92 09 92 67 43 63 32 64 73 33 93 47 63 29 96 32 79 19 71 92 04 19 32 29 29 91 71 24 43 61 73 67 24 36 07 64 19 32 72 16 92 16 79 03 16 69 66 41 03 11 63 31 69 14 62 26 36 69 32 13 19 22 64 04 29 03 24 94 73 06 32 24 64 19 41 26 29 03 37 67 63 03 71 62 21 29 71 47 01 31 07 04 72 94 37 29 19 29 14 14 71 92 29 14 73 62 33 19 64 94 16 94 16
66 92 01 29 04 94 73 06 32 34 09 29 63 16 69 07 09 72 73 74 19 29 14 44 64 19 92 72 37 29 29 92 91 63 16 92 07 24 47 73 32 64 24 02 41 63 72 94 37 29 29 19 29 14 44 11 92 73 11 73 67 16 32 14 09 24 63 47 14 29 22 26 33 93 47 04 29 26 03 24 63 92 62 07 24 04 29 03 24 11 92 73 63 27 21 24 13 96 32 96 63 92 03 92 44 29 19 63 16 43 16 72 19 69 14 71
09 11 91 63 19 32 29 11 69 63 24 11 73 92 71 92 16 69 07 67 63 07 29 91 29 07 47 19 92 02 04 62 64 19 32 24 07 29 19 29 91 67 29 92 91 63 37 29 07 24 47 27 19 32 21 24 02 24 04 29 03 16 24 11 92 73 63 27 21 24 26 37 73 94 94 16 94 37 29 24 11 77 16 41 32 02 34 29 03 43 61 29 02 47 92 14 67 26 02 72 92 73 32 27 72 63 16 46 64 19 32 24 11 69 63 36 16 63 92 24 73 43 43 19 36 44 24 24 14 29 19 69 07 16 24 14 63 24 33 19 41 02 94 44 32 79 92 19 29 14 44 66 11 92 91 63 16 92 07 63 92 16 11 63 14 67 94 37 29 93 09 92 22 19 11 32 24 63 94 16 92 33 16 69 07 24 24 01 37 29 11 63 24 16 97 19 43 71 24 19 47 91 92 32 14 92 07 63 92 24 96 32 29 27 72 37 24 62 11 07 22 67 26 62
09 63 16 63 29 32 14 09 11 16 63 29 11 69 63 24 69 44 72 21 94 24 23 03 07 24 04 19 32 21 24 66 16 69 07 24 33 19 92 29 73 33 93 16 79 31 06 32 63 92 12 62 64 19 32 24 07 43 19 24 02 09 21 24 36 41 91
37 63 91 64 92 01 29 19 41 03 11 63 31 69 14 62 29 91 24 07 24 31 44 24 11 19 29 92 14 73 71 24 02 63 92 01 37 29 24 19 43 92 14 47 06 92 14 63 24 33 04 02 92 32 06 92 24 73 69 66 96 94 31 19 29 03 11 92 73 19 92 14 24 26 47 73 74 24 94 12 24 33 93 47 04 64 92 01 29 04 17 04 19 32 29 24 16 97 11 69 14 62 92 04 16 43
26 63 01 92 36 69 32 13 04 92 01 29 22 94 01 37 02 94 26 29 03 04 94 01 24 41 03 11 63 31 69 14 62 19 96 63 63 16 92 29 37 47 27 29 91 24 07 24 64 14 24 96 63 92 24 46 67 24 44 29 71 32 63 24 41 02 24 24 63 24 03 63 06 32 09 32 29 19 21 74 62 96 29 91 71 24 07 24 11 92 73 63 72 12 24 11 03 32 09 32 29 63 09 03 24 73 69 63 29 14 44 63 32 19 32 14 94 16 04 16 43 11 92 73 94 16 24 67 29 63 29 92 14 31 63 16 92 16 97 19 43 71 94 37 29 22 07 64 19 32 72 16 92 24 01 29 03 16 69 66 41 03 11 63 31 69 16
24 44 29 11 09 29 24 19 23 03 07 24 02 92 32 06 92 24 16 47 47 73 92 29 24 94 11 24 62 07 63 24 47 32 19 32 21 24 09 49 94 26 29 19 32 29 22 02 07 24 23 03 02 24 47 44 64 24 26 03 63 16 32 63 24 19 43 29 63 16 69 24 02 41 11 92 73 63 27 21 93 47 04 64 92 19 02 09 21 24 36 71 27 11 73 67 92 02 32 91 63 16 69 07 24 29 19 97 16 24 24 63 92 07 24 61 19 31 14 29 19 32 24 26 11 63 31 69 06 92 37 96 03 63 32 74 32 33 19 32 29 06 94 16 02 32 06 92 43 64 19 43 63 32 02 24 94 16 94 31 03 24 73 47 47 92 19 29 16 63 97 94 16 94 16 24 02 96 32 29 92 14 31 63 16 92 14 63 24 33 04 02 92 32 06 92 24 73 69 36 69 07 47 04 29 91 24 62 36 13 19 64 04 29 03 24 94 01 37 24 66 67 47 72 09 92 63 09 72 63 19 03 64 19 32 24 41 62 69 07 07 29 19 29 32 19 04 43 63 32 27 71 92 26 32 14 47 04 41 14 69 40 04 64 92 01 29 07 24 16 94 11 69 01 16 92
07 24
24 44 29 04 24 36 11 16 63 96 32 71 32 24 02
62 02 24
93 94 16 17 01 29 33 93 24 24 91 11 96 32 09 32 29
02 09 63 91 69 01 92 22 16 69 07 94 16 94 16 04 47 44 64 16 47 47 44 31 92 19 43 72 90 72 24 43 61 73 67 24 26 62 29 91 19 21 33 44 19 22 29 14 63 24 33 14 74 32 19 26 16 62 66 23 03 63 01 92 04
33 44 32 19 92 06 32 09 72 69 14 72 16 66 07 24 19 29 14 24 23 03 21 11 37 64 19 32 29 93 13 19 31 06 32 02 92 12 24 44 24 02 43 92 01 03 33 93 09 29 06 32 29 22 19 41 14 41 09 63 73 69 44 71 02
62 07 43 61 73 67 24 32 12 69 07 32 29 04 29 03 94 37 29 16 69 07 46 67 29 92 91 63 16 72 16 09 16 17 41 36 29 63 19 29 14 44 02 24 19 23 03 24 04 02 64 19 32 24 26 04 02 61 73 92 24 26 73 31 69 14 72 16 19 02 72 92 19 32 64 24 94 37 19 72 16 94 37 24 06 24 12 02 31 44 09 11 19 92 09 33 44 67 29 01 29 19 29 71 32 34 19 62 69 62 07 63 16 16 02 31 73 63 43 69 06 92 91 34 91 01 32 24 19 62 69 62 02 94 19 92 43 61 16 31 92 63 24 62 02 41 17 29 02
46 04 92 01 29 32 29 02 04 67 92 69 73 31 06 29 02 41 03 24 73 69 63 29 14 44 02
26 19 11 63 31 64 11 92 73 11 73 36 29 14 44 02
94 12 24 14 63 24 33 19 11 03 67 32 29 11
32 19 47 47 16 43 76 29 47 30 29 21 29 14 44 26 37 64 73 92 29 29 91 29 07 94 44 02 37 27 36 32 63 19 32 29 33 16 69 07 09 32 63 16 63 29 22 04 11 12 24 31 19 24 94 16 94 16 19 61 19 32 73 63 03 64 12 69 07 63 92 24 44 09 63 01 29 14 74 62 43 92 12 32 71 24 26 64 14 44 47 14 43 63 69 71 24 02 41 17 29 02
93 24 64 14 67 32 29 24 04 01 92 11 73 36 29 14 63 16 94 37 29 62 07 31 19 92 44 02 76 32 14 11 61 04 67 32 02 43 41 94 16 11 69 63 24 47 73 92 71 94 37 29 19 96 94 11 06 72 09 96 32 29 03 07 24
62
94 16 94 16 07
96 32 29 03 64 14 67 32 29 19 11 03 67 32 29 16 63 97 94 16 94 16 24 41 11 03 71 32 34 16 09 72 73 74 19 29 14 44 04 16 43
93 24 04 04 91 37 29 33 44 19 23 29 37 16 47 47 26 62 69 62 71 32 29 19 29 14 63 16 04 11 03 24 02 21 11 92 27
14 93 13 19 29 92 01 24 94 01 24 94 12 24 62 69 07 32 19 22 11 92 14 67 33 04 96 32 29 92 12 03 93 19 11 92 73 94 14 24 19
07 23 03 66 16 69 07 79 91 29 71 33 14 69 66 92 01 29 94 12 24 62 69 07 47 16 92 01 29 31 06 32 02 09 92 63 11 03 74 11 14 71 92 26 02 71 32 71 92 77 91 71 24 07 24 63 01 16 24 02 41 94 73 02 92 19 29 14 44 04 19 32 29 62 02 44 92 19 49 33 01 62 07 24 19 24 11 16 43 29 24 24 01 37 29 37 96 03 11 16 63 47 04 73 92 19 31 07 24 44 09 02 67 24 49 16 22 37 96 03 33 93 24 09 11 63 14 24 67 32 29 43 61 19 37 16 92
41 94 31 19 24 24 19 02 63 92 02
19 24 24 63 03 62
19 16 43 92 14 29 04 92 01 24 44 94 12 29 03 63 09 69 26 29 03 02 24 19 11 92 73 11 03 94 12 32 64 12 92 11 63 03 92 46 69 04 01 29 63 09 19 92 94 16 16 02 43 37 29 74 32 33 19 32 71 94 93 07 61 73 94 16 24 19 24 44 67 92 63 14 21 26 27 94 16 64 14 19 71 94 37 29 19 11 03 24 93 19 19 14 91 71 62 24 19
26 01 29 11 69 63 24 16 94 31 19 92 19 24 67 16 02 21 63 97 66 66 07 63 92 24 27 71 92 26 24 17 29 14 43 63 69 06 92 24 29 92 04 12 69 69 01 37 29 19 92 19 69 63 94 16 92 41 72 63 16 92 03 37 16 63 92 73 11 16 62 02 67 24 37 09 94 14 24 02 43 41 03 77 07 39
64 14 29 61 04 71 94 37 29 62 36 69 44 09 63 16 63 29 22 11 03 32 64 03 14 74 02 24 94 16 24 63 03 24 66 67 94 26 29 03 37 26 19 29 02 02 47 37 21
19 31 19 32 64 44 09 92 19 07 96 32 29 27 37 29 26 62 69 07 09 24 19 43 92 14 47 06 92 19 22 67 24 04 19 32 29 19 72 16 24 21 29 12 32 97 26 41 67 63 07 73 43 19 36 44 02 74 36 63 16 64 61 63 94 93 69 06 92
19 41 11 14 29 61 19 31 07 96 32 34 14 71 02
46 19 11 03 24 04 19 02 26 16 19 24 67 77 04 16 92 29 06 67 29 14 03 92 19 64 19 47 23 03 96 94 16 16 69 07 66 92 19
11 91 24 67 92 19 69 04 72 94 37 29 19 29 14 44 04 16 43 41 02 92 32 06 03 63 14 72 63 16 63 92 19 41 11 92 73 43 61 12 09 19 24 24 94 31 07 16 02