41 32 91 63 66 90 07 64 63 09 09 72 73 74 19 29 14 44 26 29 03 07 24
69
24
26 02
32 16 79 79 11 69 63 24 63 23 66 94 11 07 31 92 61 14 24 94 12 24 92 69 29 19 04 14 91 92 64 61 63 14 02 24 04 14 24 21 92 29 12 32 24 26 11 43 36 29 14 47 24 62 07
64 44 29 44 17 07 02 11 63 14 24 24 36 69 44 32 72 29 16 94 24 19 26 16 36 72 09 19 63 16 92 24 12 69 07 24 07 02 63 97 02 21 94 01 24 67 69 44 21 33 44 94 37 19 63 16 96 63 64 14 03 96 32 47 14 02 94 37 29 19
04 92 07 29 66 73 31 06 29 11 92 14 94 73 41 09 63 29 92 19 69 14 41 02 24 11 12 24 31 19 24 67 43 63 32 64 73 93 64 01 29 13 26 03 79 14 11 63 07 46 69 63 09 11 63 14 24 24 19 32 21 09 64 44 09 92 19 04 43 63 32 67 43 91 92 24 19 69 37 09 94 14 02 69 04 29 03 21 46 67 94 31 07 27 11 69 14 29 04 29 03 32 14 62 92 63 09 09 63 29 92 19 69 14 71 72 37 16 92 19 07 07 26 71 92 29 14 32
24 33 37 72 19 72 16 64 14 29 44 37 63 16 92 24
69
02 09 22 69 63 14 26 03 96 32 29 92 12 03 03 41 29 14 63 16 94 37 29 19 69 16 69 16 43 29 14 44 64 63 32 92 01 02 24 92 73 94 12 32 24 21 29 71 32 91 63 16 69 07 19 43 04 67 63 09 96 32 79 16 92 32 19 29 14 44 16 97 29 92 19 73 92 64 14 32 12 03 14 74 17 21 33 44 43 92 12 32 29 33 93 32 13 12 29 02 24 19 92 29 14 43 07 24 67 43 03 29 24 46 12 69 07 32 29 37 96 03 11 69 63 24 69 01 32 44 24 16 79 64 91 71 02 14 79 02 11 63 14 11 69 63 36 16 63 92 24 94 01 24 33 93 69 29 92 12 29 01 29 62 69 62 43 61 73 67 37 29 03 07 24 02 63 97 96 63 92 24 26 12 49 11 43 44 19 19 43 62 14 24 07 11 69 63 24 47 73 92 29 02 72 02 11 92 73 31 19 31 14 69 14 71 02 11 63 14 24 33 44 19 19 19 14 24 62 02 24 02 94 19 92 43 61 16 24 62 69
19 63 01 29 23 29 23 03 19
66 41 92 19 94 37 16 92 19 63 01 37 29 26 16 27 47 92 63 43 29 63 16 63 67 24 07
67 11 69 12 72 09 32 29 47 73 92 71 94 37 29 26 93 24 47 44 29 63 01 92 02 24 24 11 16 74 47 14 43 19 29 19 11 12 16 16 24 19
11 37 64 19 32 29 41 02 92 32 14 16 03 72 63 16 92 03 26 46 63 44 29 19 32 16 63 47 94 93 69 14 44 24 02 69 14 63 03 24 79 16 92 69 27 72 24 41 67 94 73 92 29 27 11 19 29 06 32 29 02 63 01 92 96 94 94 73 92 11 03 32 64 92 19 19 71 32 91 63 16 69 07 26 36 16 69 07 24 63 14 63 92 19 07 36 79 16 94 16 29
67 92 01 29 47 73 92 24 19
14 21 69 07 02
91 69 44 11 03 63 01 29 63 32 03 63 14 03 94 37 29 72 37 16 92 19 64 62 19 16 94 24 44 47 73 92 29 69 06 04 16 43 07 24
46 67 29 92 91 63 19 32 29 43 67 16 77 69 63 14 19 69 19 24 67 94 31 07 16 11 92 14 19 69 19 94 31 92 02 23 03 24 19 17 26 63 92 33 01 69 19 94 31 92 02 24 11 19 72 09 11 69 12 24 19 32 29 29 19 31 16 04 43 91 11 04 16 43 21 29 71 64 19 94 16 69 63 14 64 14 24 19 32 29 62 21 29 01 29 63 32 21 14 11 43 69 29 94 94 16 16 69 07 43 36 01 01 29 69 19 94 31 92
69 19 43 19 24 24 02 63 92
91 93 24 32 04 01 34 29 22 37 96 03 26 16 02 11 63 14 24 33 93 19 29 71 41 63 93 07 26 69 46 29 71 41 63 93 07 26 69 44 19 23 29 04 24 36 31 16 04 43 91 11 02 13 47 07 97 14 44 24 63 92 21 29 71 02 94 19 92 43 61 16 07 24 39 24
64 14 67 32 29 04 03 79 16 32 19 63 01 72 04 43 63 09 32 91 63 16 69 07 02 41 36 72 32 19 29 63 03 34
04 16 43 16
21 46 32 16 94 11 16 43 61 16 22 33 44 09 24 19 43 61 16 11 73 36 29 14 63 16 94 37 29 62 41 43 61 73 67 16 79 03 16 09 07