24 36 97 94 93 07 61 73 94 94 16 24 21 46 16 79 02 94 19 32 02 92 69 21 13 24 36 31 07 33 01 33 93 37 24 01 29 29 03 24 19 13 29 26 41 64 16 11 69 63 24 62 11 92 73 31 19 31 07 62
69 63 21 32 71 92 19 24 19 32 24 21 41 02 21 66 63 92 24 93 16 79 21 92 29 12 32 62 09 66 93 09 69 13 39 24 36 29 92 04 12 69 07 02 24 44 96 71 19 33 11 32 14 92 02 24 19
29 91 29 41 33 93 11 16 63 29 71 32 64 03 19 41 24 19 29 14 24 47 19 43 43 43 29 14 44 26 29 92 19 32 46 69 14 71 02
64 19 32 24 41 36 29 63 19 29 14 44 16 94 31 19 92 92 19 24 24 19 32 71 26 29 03 24 02 69 14 43 19 71 91 16 69 07 62 92 91 63 16 19 29 91 24 16 72 19 92 61 12 47 96 94 16 41 94 92 13 19 29 71 32 64 07 14 91 92 64 61 63 14 41 03 11 44 67 26 07 24 29 92 63 43 29 14 44 24 02 24 19
24 63 92 07 24 03 11 36 32 29 19 29 14 44 24 92 19 11 73 92 71 16 24 74 02 24 24 24 63
26 93 16 92 03 24 21 92 29 12 32 62 41 02 69 14 31 16 92 19 29 14 44 24 63 92 21 24 02 63 93 31 06 29 24 03 79 16 92 19 37 24 63 24 11 37 24 14 63 24 31 92 16
67 24 01 29 16 97 11 69 14 62 16 24 63 92 07 24 03 11 03 24 37 29 19 29 14 44 24 63 14 63 16 24 26 11 03 24 24 19 32 71 24 62
19 23 71 24 04 96 94 71 64 19 47 92 13 06 11 39 21 92 24 19
19 32 03 92 64 19 32 24 41 36 29 63 19 29 14 44 46 24
19 47 27 02 41 29 14 03 92 02 72 43 29 92 11 96 31 62 49 11 69 06 29 29 16 31 63 72 03 41 64 14 71
26
93 24 19 72 14 29 02 23 03 96 32 67 32 29 14 92
04 69 66 32 24 02 22 43 69 94 93 07 61 73 94 91 11 62 46 63 07 94 37 29 62
03 43 41 94 16 07 24 94 73 91 44 24 64 44 19 11 63 06 21 29 71 02 94 19 32 02 24 44 29 62
09 11 16 63 29 03 47 63 69 22 16 96 63 29 03 47 63 69 22 16 96 63 92 24 24 19 32 24 92 73 94 11 03 37 63 14 36 16 03 19
46 11 03 32 64 92 19 21 10 34 63 24 66 63 09 24 92 19 43 29 14 44 02 24
77 26 24 37 63 32 16 92 19 24 63 92 24 44 96 94 94 16 92 21 62 07 24
96 63 92 92 44 29 94 16 94 16 07 24 11 69 63 24 72 92 19 32 64 24 92 14 24 62 24 37 21 43 19 24 03 41 29 14 63 16 94 37 29 19 69 21 03 29 90 32 36 02 92 19 31 07 33 93 24 44 29 64 19 32 24 07 24 47 44 64 24 02
62 36 41
63 10 63 29 71 32 14 92 19 31 24 73 69 63 94 29 92 14 72 63 16 63 92 24 63 92 21 29 19 92 29 14 43 07 07 17 29 14 02 42 09 63 29 92 19 69 14 71 24 63 43 96 94 31 16 92 19 29 73 29 19 07 94 37 29 07 11 16 63 11 07 24 19 32 14 94 16 92 19 66
26 26 07 29 19 29 69 21 93 29 92 12 09 94 19 69 72 03 69 63 14 64 19 32 24 41 62 03 69 07 02 24
26 19 23 03 24 44 02 92 32 06 92 16 44 73 92 29 62 36 04 96 32 29 92 12 03 44 64 44 09 07 64 14 29 66 63 92 24 07 11 16 31 10 03 47 69 16 43 61 14 92 19 04 16 43 11 69 63 24 02 24 19 32 24 92 01 64 24 63 92 64 11 92 73 11 03 24 21 03 29 24 62 69 63 09 02 24 02 63 97 02
91 02
64 01 29 29 14 03 92 21 29 26 19 29 02 44 41 69 43 11 92 92 19 24 62 21 79 09 43 94 32 92 74 73 92 29 19 32 29 66
66 21 92 09 24
02 63 14 71 24 61 92 12 16 21 99 92 64 26 41 96 32 47 14 19 32 21 24
04 69 63 62 24 19 03 69 32 21 01 19 24 63 24 64 14 29 24 67 96 63 92 24 26 24 44 40 34 63 24 66 41 09 63 29 92 19 69 14 71 02 24 11 12 24 31 19 24 09 11 16 63 29 33 19 69 41 92 94 16 92 26 03 63 16 92 09 24 10 24 14 19 32 21 24 63 92 21 24 02 22 46 14 32 27 96 32 29 03 07 24 94 16 94 16 24 11 92 36 32 21 24 34 72 62 29 91 24 21 63 94 62 41 14 29 31 06 32 21 29 14 44 09 24 66 44 37 19 24 13 44 09 21 69 69 14 23 72 12 64 11 11 29 09 32 67 92 44 29 11 69 63 24 07 24 94 12 29 03 24 26 62
03 64 63 14 29 19 07 93 29 03 94 14 71 63 92 19 73 31 69 14 72 16 02 11 03 32 64 03 07 17 29 14 02 60 64 91 92 37 29 03 07 24 31 92 19 24 02 41 11 03 94 06 03 11 63 14 24 24 19 32 21 46 69 21 19 94 16 94 16 02 44 92 31 21 69 26 26 96 26 32 29 91 12 03 62 41 63 29 26 03 64 12 69 07 63 92 24 24 72 91 41 92 44 43 69 16 94 16 26 19 67 24 21 03 29 24 19 64 04 29 03 24 16 72 19 92 64 24 07 96 94 71 64 19 21 31 91 76 33 29 03 92 36 26 96 24 19 43 44 64 19 32 24 21 21 24 92 12 29 44 24 26 93 69 11 31 07 33 44 16 79 19 24 64 24 63 19 44 02 24 19 31 44 09 63 73 69 44 14 21 11 37 64 19 32 29 44 24 91 19 43 01 29 19 62 43 31 06 11 32 91 44 44 24 62 67 24 43 92 12 32 71 24 26 21 69 07 24 02 24 19
24 44 29 62 01 29 14 62 07 24
19 11 16 69 07 32 29 19 31 63 36 63 16 94 32 03 11 63 31 69 14 43 12 32 09 24 01 29 22 07 94 12 29 03 02 31 73 92 09 92 07 67 96 63 92 24 04 93 69 94 93 07 61 73 94 94 16 24 32 14 02 94 11 16 11 36 16 92 62 21 11 03 94 06 92 09 32 29 92 12 09 64 09 29 03 24 02 94 19 32 02 24 26 19 41 47 27 03 22 19 21 64 32 02 22 93 29 14 04 63 14 92 14 31 63 24 93 64 44 09 66 92 21 22 44 16 22 19 41 64 16 17 29 14 32 19 22 26 16 19 24 64 73 92 29 66 16 94 11 16 43 61 16 26 63 09 43 26 24 14 34 16 36 14 41 32 24 26 19 29 24 72 37 16 92 04 94 63 29 03 29 92 19 32 43 61 16 16 93 16 91 42 16 64 12 69 07 63 92 24 22 34 02 07 21 29 34 03 11 02 07 29 19 29 37 11 03 32 64 19 32 29 33 44 64 01 63 16 73 69 16 92 24 63 92 63 09 02 43 41 92 11 29 14 44 43 92 94 16 69 00 24 11 29 34
62 21 94 33 21 92 62 09 14 72 16 92 19 02
62 07