93 32 13 19 22 16 63 02 11 63 14 24 69 44 72 71 94 24 63 09 19 24 67 94 31 07 16 02 24 26 19 29 24 02 16 44 29 07 24 73 31 06 29 24 02 02 69 11 43 16 92 19 29 14 44 24 12 37 29 26 16 11 69 63 24 14 94 11 73 92 29 19 32 24 26 37 94 16 94 16 71 94 24 11 69 63 24 16 94 31 19 92 19 24 94 19 32 24 66 21 29 26 19 29 34 32 96 71 69 91 63 16 92 29 63 03 23 71 17 07 96 94 71 64 19 47 47 92 13 11 03 67 32 71 94 93 07 16 11 14 09 24 26 33 19 32 29 04 47 44 64 26 33 19 32 29 19 41 47 73 92 94 16 02 24 96 32 47 16 03 32 21 24 19 37 29 19 94 16 92 04 16 43 21 39 64 41 63 29 03 96 71 07 96 69 44 16 69 13 73 92 43 76 46 09 67 32 64 73 92 29 22 64 19 32 24 21 24 74 92 96 32 79 19 32 21 24 02 94 19 32 02 64 19 32 24 63 32 94 16 94 01 03 33 93 19 03 94 14 24 19
26 33 16 69 07 19 37 24 63 14 71 23 29 96 94 94 63 32 14 62 92 17
04 97 26 19 29 24 02
02 24 16 97 11 69 14 43 19 29 14 44 24 24 19 63 01 92 19 33 01
11 16 63 29 67 71 32 14 92 03 41 29 14 63 16 74 37 29 04 97 37 72 19 72 19 72 16 94 37 24 62
19 04 16 43 16 60 07 21 79 24 63 92 21 24 02 63 97 73 31 06 29 24 33 44 29 92 91 07 29 91 71 24 07 24 02 69 14 31 16 92 19 29 14 44 32 24 21 29 71 02 92 32 06 03 02 94 19 92 43 61 16 71 32 64 09 10 11 63 13 16 92 21 69 07 24 62
19 23 23 71 24 64 19 32 24 07 24 11 92 73 63 27 21 24 66 19 90 13 71 92 41 09 72 73 74 19 29 14 44 04 16 32
19 41 62 69 07 24 19 43 61 16 94 27 01 29 41 11 92 73 11 73 36 29 14 44 02
34 14 63 93 07 29 26 66 41 62 69 07 41 11 92 27 74 11 19 07 63 93 07 02
26 16 04 96 63 21 64 04 29 03 24 04 16 43 16 69 07 94 44 29 03 63 32 11 37 43 61 19 32 29 06 97 29 03 94 16 16 69 07 19 67 92 63 14 04 94 01 32 24 19 94 26 29 41 11 73 69 14 29 14 62
37 02 92 91 71 41 62 69 07 63 14 24 01 29 12 03 11 03 32 69 03 19
63 32 11 03 19 63 14 24 24 63 92 41 36 94 11 07 91 63 16 92 29 63 03 34 96 94 71 64 19 47 47 92 13 26 07 23 03 11 73 92 71 92 04 97 26 19 29 24 72 37 92 04 97 19 47 27 64 19 94 37 16 92 41 09 72 73 74 19 29 14 44 04 16 43 34 12
26 19 37 19 29 29 14 03 92 12 32 36 07 24 91 63 16 92 29 63 03 24 02 41 17 29 02
94 16 94 16 21 29 71 63 63 16 19 26 16 02 96 32 21 92 71 16 24 91 24 07 11 03 71 97 71 62
07 24 39 24
49 36 79 19 32 29 29 91 14 91 92 24 19 09 63 91 69 01 92 29 92 12 71 92 62 02 31 91 43 61 16 44 29 26 16 73 16 94 72 16 77 02 02 94 19 32 02 92 41 02 24 24 60 04 07 24 73 92 64 03 24 02 07 63 29
33 93 24 19 29 71 32 02 29 37 96 03 66 03 62 92 14 92 02 24 96 94 94 14 24 24 12 03 24 21 79 24 19 32 24 64 91 71 64 19 32 24 07 24 63 24 96 32 47 16 03 32 21 24 04 16 43 21 24 96 94 94 14 24 24 12 03 24 62 07 96 94 71 64 19 47 47 92 13 16 97 11 69 14 62 92 19 11 69 63 24 17 29 14 43 63 69 06 03 94 97 29 24 19 96 94 94 14 24 36 44 96 32 47 16 03 32 21 24 04 97 62 62 07 24 07 94 19 92 46 24 02 31 44 32 19 43 19 72 14 92 19 26 17 07 92 19 96 94 94 16 43 61 16 47 02 41 94 31 19 24 24 19 02 17 21 62 07 96 47 16 41 94 74 79 21 30 11 03 94 06 92 26 11 16 63 29 26 03 66 24 44 11 73 11 03 27 71 92 03 29 37 19 03 11 03 67 32 71 41 96 32 63 37 19 32 21 26 41 09 21 24 36 71 19 24 19
33 01 62 67 24 11 03 94 06 03 24 27 79 92 63 43 29 14 44 24 09 69 63 14 49 94 14 24 67 32 29 22 94 16 94 16 64 19 69 07 92 37 29 91 29 96 94 94 63 32 14 43 19 29 14 63 16 94 37 29 19 63 16 43 41 94 31 19 24 24 19 64 16 63 92
37 47 27 93 24 67 11 41 72 09 32 29 33 44 19 64 44 09 04 11 63 31 69 14 43 69 14 02 16 96 94 94 63 62 09 63 91 69 01 29 22 41 09 63 29 19 69 14 71 94 12 24 33 93 16 97 14 72 16 01 29 67 63 07 94 37 29 62 07 29 19 29 64 01 29 62 02 43 41 03 91 36 69 63 16 63 29 11 03 32 64 03 17 29 14 66 91 96 32 29 32
26 93 24 47 44 29 19 24 67 77 96 32 32 01 29 03 62 07 11 92 27 74 11 19 69 31 63 29 16 79 02 09 11 02 73 74 16 92 63 32
02 09 63 29 92 19 69 14 71 10