07 24
24 44 29 04 24 36 11 16 63 96 32 71 32 24 02
62 02 24
93 94 16 17 01 29 33 93 24 24 91 11 96 32 09 32 29
02 09 63 91 69 01 92 22 16 69 07 94 16 94 16 04 47 44 64 16 47 47 44 31 92 19 43 72 90 72 24 43 61 73 67 24 26 62 29 91 19 21 33 44 19 22 29 14 63 24 33 14 74 32 19 26 16 62 66 23 03 63 01 92 04
33 44 32 19 92 06 32 09 72 69 14 72 16 66 07 24 19 29 14 24 23 03 21 11 37 64 19 32 29 93 13 19 31 06 32 02 92 12 24 44 24 02 43 92 01 03 33 93 09 29 06 32 29 22 19 41 14 41 09 63 73 69 44 71 02
62 07 43 61 73 67 24 32 12 69 07 32 29 04 29 03 94 37 29 16 69 07 46 67 29 92 91 63 16 72 16 09 16 17 41 36 29 63 19 29 14 44 02 24 19 23 03 24 04 02 64 19 32 24 26 04 02 61 73 92 24 26 73 31 69 14 72 16 19 02 72 92 19 32 64 24 94 37 19 72 16 94 37 24 06 24 12 02 31 44 09 11 19 92 09 33 44 67 29 01 29 19 29 71 32 34 19 62 69 62 07 63 16 16 02 31 73 63 43 69 06 92 91 34 91 01 32 24 19 62 69 62 02 94 19 92 43 61 16 31 92 63 24 62 02 41 17 29 02
46 04 92 01 29 32 29 02 04 67 92 69 73 31 06 29 02 41 03 24 73 69 63 29 14 44 02
26 19 11 63 31 64 11 92 73 11 73 36 29 14 44 02
94 12 24 14 63 24 33 19 11 03 67 32 29 11
32 19 47 47 16 43 76 29 47 30 29 21 29 14 44 26 37 64 73 92 29 29 91 29 07 94 44 02 37 27 36 32 63 19 32 29 33 16 69 07 09 32 63 16 63 29 22 04 11 12 24 31 19 24 94 16 94 16 19 61 19 32 73 63 03 64 12 69 07 63 92 24 44 09 63 01 29 14 74 62 43 92 12 32 71 24 26 64 14 44 47 14 43 63 69 71 24 02 41 17 29 02
93 24 64 14 67 32 29 24 04 01 92 11 73 36 29 14 63 16 94 37 29 62 07 31 19 92 44 02 76 32 14 11 61 04 67 32 02 43 41 94 16 11 69 63 24 47 73 92 71 94 37 29 19 96 94 11 06 72 09 96 32 29 03 07 24
62
94 16 94 16 07
96 32 29 03 64 14 67 32 29 19 11 03 67 32 29 16 63 97 94 16 94 16 24 41 11 03 71 32 34 16 09 72 73 74 19 29 14 44 04 16 43
93 24 04 04 91 37 29 33 44 19 23 29 37 16 47 47 26 62 69 62 71 32 29 19 29 14 63 16 04 11 03 24 02 21 11 92 27
14 93 13 19 29 92 01 24 94 01 24 94 12 24 62 69 07 32 19 22 11 92 14 67 33 04 96 32 29 92 12 03 93 19 11 92 73 94 14 24 19
07 23 03 66 16 69 07 79 91 29 71 33 14 69 66 92 01 29 94 12 24 62 69 07 47 16 92 01 29 31 06 32 02 09 92 63 11 03 74 11 14 71 92 26 02 71 32 71 92 77 91 71 24 07 24 63 01 16 24 02 41 94 73 02 92 19 29 14 44 04 19 32 29 62 02 44 92 19 49 33 01 62 07 24 19 24 11 16 43 29 24 24 01 37 29 37 96 03 11 16 63 47 04 73 92 19 31 07 24 44 09 02 67 24 49 16 22 37 96 03 33 93 24 09 11 63 14 24 67 32 29 43 61 19 37 16 92