#CATALOG NAME: \Segr. di Stato Francia 283C/2
#IMAGE NAME: 089r.jpg-090r.jpg
#TRANSCRIBER NAME: KaJo
#DATE OF TRANSCRIPTION: February 27, 2017
#TRANSCRIPTION TIME: 27+10+20= 57 mins
#IMAGE NAME: 089r.jpg
# b a b a b a b a b a b a b a b a b a b a b a b a b a b a b a b a b a b a b a b a b a b a b a b a b a b a b a b a b a b a b a b a b a b a b a b a b a b a b a
7 2 4 0 1 6 2 6 2 2 5 0 4 0 2 6 4 4 4 0 9 2 3 6 4 0 2 6 2 2 1 4 2 6 3 6 6 2 1 2 4 ^ 2 6 2 2 4 4 4 0 7 2 3 0 1 8 4 4 5 2 4 0 5 0
2 8 7 2 3 6 6 ^ 9 2 3 2 8 2 9 2 1 4 7 2 2 2 7 2 3 2 2 2 6 2 4 2 8 2 3 4 2 2 3 0 7 2 1 6 3 4 9 2 2 0 2 6 2 2 1 8 2 6 6 ^ 2 6 2 8
3 0 9 2 4 4 4 0 2 6 3 0 7 2 2 2 2 6 7 2 2 4 9 2 4 2 2 6 5 2 2 0 2 8 4 4 7 2 5 2 4 4 3 6 6 ^ 4 4 4 0 ? ? ? ? ? ? ? ? ? ? ? ? ? ?
2 2 2 6 6 ^ 9 2 4 0 5 2 4 8 8 0 5 2 4 2 2 6 3 2 7 2 1 2 2 2 3 4 2 6 6 ^ 8 2 4 ^ 5 2 2 6 1 4 1 8 4 0 4 4 2 6 2 0 2 6 2 6 6 ^ 4 2 8 0
2 2 5 2 3 2 1 8 2 6 2 8 1 2 1 8 2 2 4 4 2 6 2 8 2 4 8 2 7 2 3 0 3 4 2 6 6 ^ 3 2 2 6 2 2 2 4 7 2 4 0 9 2 2 2 1 8 2 4 5 0
3 6 5 0 4 0 2 8 9 2 4 4 7 2 3 2 2 6 1 8 3 0 3 4 3 2 7 2 1 6 9 2 3 2 2 2 8 6 6 ^ 2 0 9 2 2 2 7 2 4 4 5 0 2 8 8 2 3 4 2 8 4 4 9 2
2 8 2 6 3 2 1 8 4 0 8 2 2 6 4 4 3 4 4 0 2 6 5 0 3 0 3 4 4 0 1 8 4 6 7 2 2 8 2 6 1 6 1 8 2 8 7 2 4 0 3 6 9 2 4 4 4 0 7 2 2 2 6 2
7 2 3 6 8 2 4 0 2 8 2 2 5 2 4 4 1 8 2 2 1 8 4 6 5 0 3 4 4 0 1 6 2 6 2 2 1 8 2 6 5 0 1 2 4 ^ 4 6 6 ^ 2 6 2 2 2 8 8 ^ 1 4 9 2 3 2 3 4 3 2
7 2 2 8 3 0 8 0 0 ^ 1 4 4 ^ 3 2 2 6 3 0 7 2 8 2 1 8 4 0 1 8 4 2 5 2 9 2 1 6 5 0 4 2 4 0 9 2 1 4 2 6 5 0 4 0 2 8 9 2 3 6 4 0 5 0 4 4 3 2
1 4 5 0 1 8 4 4 7 6 6 ^ 3 2 4 ^ 3 2 2 6 3 6 2 6 3 2 2 6 7 2 2 2 1 8 3 2 5 2 1 6 2 6 3 2 1 8 4 0 5 2 2 6 ? ? ? ? 2 4 
4 0 2 2 3 4 9 2 1 4 2 6 7 2 2 8 9 2 2 2 2 6 3 0 7 2 3 2 8 2 ? ? 9 2 1 4 4 ^ 7 2 8 2 1 8 4 0 3 4 5 0 2 8 2 0 1 8 2 2 3 4
1 4 7 2 2 2 3 2 8 2 5 2 3 0 0 ^ 1 6 1 8 3 2 1 8 1 4 4 0 1 8 1 6 1 8 2 2 4 8 9 2 5 0 2 6 9 2 2 8 4 4 4 0 2 6 2 6 6 ^ 2 2 1 8 3 2
1 4 4 0 2 6 8 2 2 8 3 2 1 8 4 8 8 ^ 3 4 2 2 1 8 3 6 9 2 4 0 2 8 9 2 3 2 1 8 ? ? 8 2 4 ^ 2 6 2 6 2 0 8 2 3 2 9 2 8 0 0 ^ 3 2 9 2
4 0 1 8 4 2 5 2 1 2 4 ^ 2 6 2 2 4 4 2 6 1 8 4 0 9 0 8 0 0 ^ 1 4 5 2 4 0 4 4 5 0 1 6 2 6 3 0 3 4 8 2 1 8 4 0 3 2 2 6 1 4 3 4 2 2 4 2
8 2 7 2 2 2 2 0 7 2 2 2 1 6 9 2 8 0 0 ^ 5 0 4 4 4 0 5 0 4 4 9 2 4 0 1 8 2 8 9 2 3 6 4 0 9 2 4 4 2 6 1 4 5 0 3 6 6 ^ 3 4 3 2 1 8

#IMAGE NAME: 089v.jpg
# transparency

#IMAGE NAME: 090r.jpg
9 
2 0 0 ^ 2 8 5 0 4 6 1 6 9 2 1 4 4 ^ 2 6 6 ^ 8 2 2 ^ 4 4 1 8 2 2 1 2 2 4 2 6 3 6 4 0 7 2 3 6 3 4 3 2 2 6 4 4 7 2 9 2 2 8 1 4 8 2 2 2 3 4 1 4 7 2 2? 2?
2 8 9 2 7 4 4 ^ 2 2 5 2 2 8 3 6 9 2 4 0 4 4 6 2 1 4 7 2 2 8 9 2 4 0 5 2 1 6 5 2 2 8 9 2 3 0 7 2 2 2 5 0 1 4 9 2 3 6 6 ^ 2 0 0 ^ 3 6 5 0 4 0 2 8
2 6 7 2 1 4 9 2 3 2 2 6 7 2 2 2 5 2 1 6 2 6 2 0 5 0 4 0 1 4 7 2 2 2 4 4 5 0 2 8 1 4 7 2 3 6 5 2 4 0 4 4 5 0 4 8 8 ^ 2 8 2 6 6 ^ 4 0 8 2
3 0 3 4 4 0 5 2 2 0 0 ^ 1 4 3 4 2 2 2 0 7 2 4 0 3 0 1 8 5 0 2 8 9 2 8 0 0 ^ 1 6 2 6 1 2 4 ^ 3 6 6 ^ 2 8 8 ^ 3 6 5 0 4 0 4 4 5 2 4 4 7 2 1 4 9 2 2 2 
4 4 5 2 9 2 ? ? ? ? ? ? 2 0 9 2 4 4 7 2 1 8 8 ^ 3 2 2 6 3 6 8 2 7 2 1 4 7 2 2 2 2 8 7 2 2 0 2 6 1 4 2 6 3 4 2 6 6 ^ 8 2 4 ^
2 2 5 2 2 0 5 2 1 4 1 8 1 4 3 4 2 2 6 2 2 8 1 4 3 4 2 2 2 0 1 8 3 2 3 4 4 0 3 2 8 2 7 2 3 2 1 8 1 6 9 2 2 8 5 0 3 6 9 2 4 0 4 4 5 2
1 6 5 2 2 8 9 2 3 0 7 2 2 2 9 2 1 4 5 0 8 2 4 ^ 2 4 5 0 8 2 1 8 3 2 5 2 1 4 7 2 3 0 3 4 1 6 2 6 4 4 9 2 1 6 2 6 3 0 1 8 4 8 7 2 4 4 9 2
2 8 1 8 3 2 3 6 2 6 4 0 6 2 4 4 8 2 9 2 2 8 2 8 4 ^ 3 6 3 4 4 4 4 0 1 8 4 2 5 2 1 8 2 8 9 2 2 0 5 0 4 0 5 2 2 6 2 8 3 0 5 2 1 6 1 8 3 2 2 6 
3 0 3 4 1 4 3 4 2 2 7 2 2 0 2 6 1 4 6 2 7 2 3 2 2 6 3 0 6 2 2 8 5 2 9 2 3 8 8 ^ 3 0 5 0 5 2 4 2 5 2 2 2 4 2 2 6 3 2 3 4 1 2 2 2 3 4
1 6 2 6 3 6 4 0 3 4 1 4 5 2 1 6 1 8 4 0 5 2 9 6 6 ^ 1 4 2 6 4 0 1 4 3 4 2 2 3 2 3 6 5 2 4 4 9 2 8 0 0 ^ 2 6 6 ^ 2 0 0 ^ 2 2 5 2 2 2 9 2 3 2 1 4 2 4
2 6 4 0 8 2 3 0 3 4 4 0 5 2 2 2 1 8 1 6 2 6 3 2 3 4 4 0 1 6 2 6 2 2 1 8 9 2 2 8 1 4 8 2 2 2 3 4 9 2 4 6 1 8 4 0 4 4 1 8 2 2 1 6 3 4
3 2 3 4 3 6 4 0 5 0 4 4 8 2 4 4 3 4 2 6 6 ^ 3 2 5 2 3 6 6 ^ 2 8 9 2 3 0 3 4 2 2 9 2 1 4 5 0 2 2 1 8 8 2 1 8 4 0 9 2 4 0 2 6 3 6 4 0 1 8
3 2 9 2 2 0 0 ^ 3 2 9 2 3 6 2 6 5 2 2 8 9 2 2 6 6 ^ 2 8 9 2 4 0 2 6 3 6 4 0 5 2 2 2 3 2 2 6 3 4 2 2 1 8 3 2 2 6 9 2 3 0 3 4 3 2 9 2
1 8 4 4 3 2 3 6 2 6 2 2 4 4 5 0 1 6 9 2 8 2 4 ^ 1 4 3 4 2 2 6 2 2 8 3 4 4 ^ 3 6 2 6 9 2 1 4 5 2 4 0 5 2 4 2 5 2 4 2 1 8 2 2 1 8 9 2
?   4 4 2 6 6 ^ 8 2 4 ^ 2 0 9 2 2 4 5 2 3 2 1 8 9 2 3 6 6 ^ 4 4 9 2 8 0 0 ^ 4 8 8 ^ 2 8 2 6 6 ^ 3 4 2 0 2 6 1 4 2 6 3 4 2 6 2 2 4 4 3 4
4 0 2 2 3 4 2 8 9 2 ?   3 6 4 0 9 2 4 4 2 6 1 4 9 2 2 6 6 ^ 5 2 2 8 9 2 3 2 1 4 4 0 2 6 8 2 5 2 9 8 8 ^ 2 6 2 2 3 0 9 2 2 2 3 4
1 6 2 6 3 2 5 2 2 2 3 2 5 0 2 8 2 6 1 6 6 2 1 6 9 2 4 0 2 8 9 2 2 6 6 ^ 5 2 3 2 9 2 1 6 2 6 2 8 5 0 3 4 2 2 3 6 3 4 2 2 1 8 2 2
# b a b a b a b a b a b a b a b a b a b a b a b a b a b a b a b a b a b a b a b a b a b a b a b a b a b a b a b a b a b a b a b a b a b a b a b a b a b a b a
1 6 3 4 2 6 2 2 1 4 3 4 2 2 3 2 2 6 1 6 5 2 4 0 5 0 4 4 2 6 3 4 2 2 1 8 5 0 2 2 4 ^ 3 6 9 2 4 0 4 4 5 2 1 6 5 2 2 8 3 0 3 4 2 8 4 4 
3 4 2 6 6 ^ 3 2 2 6 3 6 3 4 4 4 4 0 5 2 4 2 1 8 4 0 9 2 1 2 2 6 3 4 2 2 8 2 8 2 7 2 2 8 8 0 0 ^ 1 6 2 6 4 0 5 2 2 6 2 2 3 8 8 ^
3 6 4 0 3 4 3 6 7 2 3 2 2 6 4 4 3 4 1 6 2 8 3 6 3 2