# legend: names as in tr/LEGEND.md
# single page, all cipher; continuation of the Hamburg 13 Feb 1639 letter (P9 -> P1 -> P2 -> P6)
43 77 48 28 27 11 23 13 37 37 17 87 21 46 26 98 26
19 27 27 20 27 30 98 86 31 36 43 27 27 95 29 11 22 18
49 87 27 15 30 27 21 86 31 37 98 27 17 13 53 86 31 37
22 19 83 44 26 17 13 31 97 16 31 82 39 26 25 32 19 27 26
17 33 62 93 33 50 32 27 11 π 95 17 26 21 29 25 18 26
21 32 39 64 43 17 31 18 33 95 97 26 44 39 26 22 26 17 40
95 84 27 17 35 32 83 28 66 52 36 63 17 39 35 26 82 18
44 15 26 10 31 36 99 31 59 39 73 31 82 18 #4-hook 22 35 33
#4-hook 22 31 18 28 27 17 39 35 52 26 56 25 16 28 26 55 18 27
27 30 42 31 78 31 10 93 28 65 28 #sect 13 83 28 64 31 36
51 39 35 18 17 31 40 42 18 37 #4-hook 15 33 17 39 35 16 35 π
27 39 35 43 15 93 31 46 27 26 18 23 82 98 17 31 26 18 28
48 33 64 92 26 30 41 71 57 53 25 32 40 76 26 26 98 #4-hook 17
33 63 31 59 31 #sect 18 15 36 83 32 Δ 31 87 13 82 20 ψ 22 35 31
82 18 22 40 27 10 28 82 26 21 26 98 18 26 25 13 50 31 26 21
26 18 32 100 π 48 31 82 #4-hook #z-bar? 33 31 27 39 71 31 52 39 35 26 27
78 27 39 72 39 35 26 18 36 54 36 64 25 93 31 57 28
98 24 10 28 38 26 25 17 33 73 33 37 18 31 22 38 30 41
56 26 17 13 53 π 16 39 35 83 31 39 68 Δ 31 21 10 37 18 16 31
24 18 20 36 24 17 20 ψ 25 30 44 18 25 19 52 43 31 38 99
