# legend: names as in tr/LEGEND.md
## left
27 39 42 30 c 98 17 27 26 23 93 28 93 x 19 π
36 63 17 39 73 #z-tail 82 19 59 9 42 23 {auch mir}
57 26 {N.N.} ψ 11 19 31 26 #4-hook 19 28 37 37 20 w
{und dann} 82 20 37 13 28 59 15 w n 28 9 27 22
33 d 84 27 52 39 35 26 27 10 93 42 36 27 24
19 43 23 33 27 84 27 67 31 38 26 6 25 p 11
37 19 w {Ich hette mir} 63 31 36 27 26 82 6 #z-tail
56 70 π 49 28 #s-long 85 64 43 32 52 26 57 27
37 22 33 63 #z-tail {lassen,} 63 88 85 π 57 26 71
37 15 13 22 28 89 54 26 44 39 p 43 {der}
52 26 21 33 63 15 w 52 26 27 39 35 #4-hook 19 15
36 26 d 31 83 28 36 61 42 28 26 83 30 43
43 30 p 49 33 59 83 31 53 59 28 39 34 18 35 20
59 w 31 51 39 35 22 31 73 40 26 ψ 25 26 44 39
#s-long 43 31 18 27 26 19 26 37 10 15 26 17 π 46 27
c 92 63 {Wann mir} 82 6 73 28 43 #z-tail Δ 28
37 13 33 78 w 24 12 33 9 #z-tail 17 39 35 #4-hook 13 33 9
c 18 24 14 33 78 40 44 39 35 26 74 93 31 98
17 27 26 15 35 53 31 {und dann} 34 53 39 35 26
22 93 28 25 31 55 36 62 39 35 {dies gar}
10 w n 28 37 18 31 36 62 39 35 {dieses korn}
ψ 19 15 26 24 18 26 61 35 43 w {daran} 57 26
## right
27 39 35 #4-hook 18 83 31 10 31 55 36 62 39 35 ψ 11 27
39 35 62 19 62 #z-tail {der} 9 28 22 28 93 17 26 #4-hook 23
31 c 19 17 31 78 73 15 π 40 40 63 16 40 26 69 w
52 26 27 39 74 83 w {etiam cum} 58 22 11 52
n 28 α 62 p 9 82 27 #s-long 31 39 p 66 π 40 17 39 35
{mit hart gezwungen mit} 83 28 23 31 83 43
31 61 17 w 93 83 52 39 35 26 27 24 18 28 26 35
22 38 49 88 π #4-hook 13 35 33 ψ 25 19 15 53 32 34
42 19 36 92 27 23 31 {jüngsten tag, dan}
{sicherer gelegenheit folgen} 82 19 27 39 35
43 17 93 w 83 ψ 17 37 19 42 28 9 28 {so viel}
{möglich,} 21 40 d 31 83 28 62 39 35 19 {corre-}
{spondenzen} 57 26 α 33 p 13 78 73 31 23 10 27
83 w 19 28 40 64 w 83 31 22 33 73 41 25 93 28
Δ 43 31 93 28 36 {mit wer} 63 34 40 18 46 27 26
21 32 93 27 93 #z-tail 52 83 28 ψ 11 #4-hook 19 28 37 37 20 w
{die} 24 13 33 37 37 19 w 80 26 62 27 39 73 31 {thun}
{dies ob thun, ganz} 25 31 n 28 58 28 39 34 26
{man lest hernach} 82 19 #4-hook 20 35 63 34 40 42 19 37
{sein} 22 32 40 26 59 w 31 37 17 31 83 w {der}
{rechte noch ein} 36 41 62 #z-tail #z-bar 27 39 35 22 ψ
{und} 27 39 35 17 39 34 26 27 37 13 28 26 35
