# legend: names as in tr/LEGEND.md
# single page, all cipher; continuation of the Hamburg 13 Feb 1639 letter
83 28 69 17 27 18 28 25 31 38 84 27 43 15 39 35 21 25
37 68 17 31 86 31 17 10 31 39 26 15 12 w ψ 25 10 18 28 64 27
27 20 31 #4-hook 17 28 24 13 33 63 31 25 31 27 84 31 51 39 35
11 31 38 22 10 39 35 21 33 63 17 31 #4-hook 18 35 43 31 17 w
24 21 27 37 10 28 18 16 31 64 91 42 31 26 83 28 66 52 36
17 19 #sect 25 31 38 26 10 w 38 #4-hook 17 18 20 28 ?(8742) 31 27 26
20 39 34 35 26 38 99 27 19 35 18 31 20 36 18 28 59 36
Δ 31 73 44 95 66 π 58 31 #4-hook 17 20 18 28 24 13 33 63 29
25 17 39 29 10 15 38 27 21 33 11 18 95 30 41 37 25 31 84 31
84 43 36 97 17 31 26 19 28 46 27 17 26 15 12 53 82 27
28 17 31 39 26 15 13 52 80 27 27 25 97 27 17 53 29 11 16 40
95 43 44 51 50 17 26 27 25 27 87 48 43 17 31 26 19 28 46
27 16 26 15 13 53 π [27] 46 46 31 82 26 27 11 31 26 45 44 45 26
21 58 31 84 87 22 26 13 26 17 19 27 22 58 43 77 30 44 18
82 39 26 21 83 27 66 52 36 27 17 31 26 18 28 46 27 15 26
16 13 ~43 π~ 31 37 #z-bar 33 26 43 27 48 39 26 11 17 33 61 100
32 14 π 52 11 32 29 25 23 18 19 φ 49 28 26 19 79 33 61 100
π 27 10 31 26 53 39 98 27 21 42 23 22 38 86 31 36 28 98
27 11 32 25 31 83 27 10 π 59 26 44 39 26 21 26 11 10 32
17 22 32 18 26 72 39 83 48 31 83 26 29 11 23 18 19 28 76
