# legend: names as in tr/LEGEND.md
# single page; archival note "1639 April 14" top left; clear heading line; then all cipher (letter continues P3 left, P3 right; dated 14 April 1639 on P3 right)
{Hochedler ... Herr ...}
{Von} 72 31 53 #z-tail #4-hook 13 33 26 59 #z-tail 57 39 35 52 26 78 28 w 82 57 26
#s-cross 43 #z-tail 59 33 α 82 27 37 21 26 k 18 26 α 82 27 37 21 26 k 97 26
#sect 17 83 28 22 33 63 17 35 43 30 42 31 87 47 22 29 x 38 86 31
c 62 17 85 28 15 21 28 56 100 π ψ 25 #sect 10 67 #z-tail 82 18 59 27
c 59 #4-hook 13 33 63 w {E. Chf. Dhl.} 65 83 3? 30 41 6 π 48 28 74 93 31
84 27 34 42 18 36 17 31 12 27 9 28 43 15 39 35 37 10 28 37
42 38 26 17 31 52 83 28 α 39 35 6 #z-tail 78 74 33 9 w #4-hook 11 28 38 26
9 22 31 27 39 71 #z-tail 82 18 27 39 35 #4-hook 19 83 #z-tail 15 31 58 39 68 33 80
28 36 25 31 38 46 π 58 43 w 40 63 16 93 31 14 30 #s-long 56 17 10 43
66 31 83 #z-tail #4-hook 17 28 25 31 6 28 21 33 63 28 36 53 82 36 27 9 73 28 28
27 39 74 37 26 92 26 9 31 c 19 24 13 33 63 3? 10 31 27 6 18 78 #z-tail
46 π 58 43 w 52 26 n 28 83 28 93 #z-tail 64 27 6 #z-tail 29 x 38 18 42
26 #4-hook 21 31 24 17 28 22 33 63 27 78 26 74 31 74 93 31 43
82 #l-loop 27 51 27 26 42 57 62 #s-long 27 17 31 21 25 27 26 42 21 π
n 33 51 x π 93 33 50 #a-loop 17 #z-tail 21 28 59 k 27 27 x #l-loop 27 17 π 48
42 15 18 26 29 x 6 #l-loop π 85 #a-loop x 18 87 27 86 31 15 10 31 78 31 26
37 11 28 d 33 39 73 9 28 59 11 43 #z-tail 78 93 31 #4-hook 17 28 10 31 6 28
27 39 35 #4-hook 19 16 27 25 31 38 40 50 18 26 73 28 6 ψ 18 w 21 33 63
27 15 w 86 31 30 41 π 98 27 #4-hook 99 #sect 17 28 74 93 #z-tail 46 27 26
29 m π 51 92 27 22 n 18 87 27 48 52 #l-loop 27 19 53 28 m #s-long 27
13 π 52 21 18 #hash k 28 6 42 31 26 53 39 86 31 9 w #s-long 19 100 #z-tail 26
