# legend: names as in tr/LEGEND.md
# single page; archival note "1639 feb. 13." top left; this looks like the FIRST page of the Hamburg 13 Feb 1639 cipher letter (continues P1, P2, ends P6)
{... [clear heading/address, one line, unread]}
36 44 37 48 31 ψ 27 23 36 26 57 28 #sect 4? 21 28 17 52
26 15 25 π 86 31 16 25 w 39 26 17 13 52 27 37 11 26 10 100 π
84 27 27 17 39 35 83 28 66 52 36 83 28 17 31 26 19 28
46 27 15 26 16 13 w 18 31 26 27 39 35 64 78 10 31 38 82
27 18 27 83 28 39 41 31 27 39 35 #4-hook 19 83 w 83 Δ 31 87
43 11 31 38 84 28 93 x 84 27 27 17 20 15 31 56 44 26 44
39 26 21 26 10 [11] π 18 15 53 27 11 31 38 84 27 21 #z-tail 83 43
24 18 28 83 19 28 #sect 11 36 63 17 39 35 52 26 26 60 19 31
18 28 76 100 30 26 11 44 26 44 39 26 23 26 25 10 32 72
39 19 27 26 30 42 31 87 47 25 π 86 31 16 11 31 39 26 16 13
52 27 64 27 27 19 20 27 84 72 31 78 27 26 19 33 26
27 19 15 #z-tail 40 63 17 40 26 15 31 51 27 26 42 27 86 31 27
16 62 97 93 17 83 32 #4-hook 23 27 15 10 31 36 27 26 78 27
39 35 42 93 31 27 21 20 47 95 82 φ 17 48 31 #sect 15 12 23
11 26 Δ 31 39 23 10 26 Δ 31 29 25 21 π #4-hook 22 31 59 31
40 97 84 26 13 52 26 93 36 42 37 18 38 99 23 10 27 83 31
26 44 39 26 21 26 17 80 27 52 39 35 26 27 66 31 53 25 31
38 #4-hook 13 33 63 24 18 28 83 31 27 13 74 40 17 39 35 82 19
89 49 87 26 18 26 52 26 57 26 58 35 43 43 π 98 ψ 25 83
70 87 43 31 86 31 27 19 29 10 18 31 26 20 28 27 17 39 35
