# legend: names as in tr/LEGEND.md
## left
4 24 2? 33 31 c 18 98 17 25 43 37 19 11 82 16 22
#4-hook 12 33 9 #z-tail 74 93 w 13 40 27 52 26 22 33 63
16 #z-tail 21 10 37 83 27 75 27 p 25 31 38 83 28
15 18 ψ 16 78 w 66 52 77 31 19 28 93 #z-tail 6 11 40 42
#z-tail 78 31 86 41 54 19 52 π 20 27 26 15 π 56 28
#s-long 62 27 5 {lo} 12 40 {[struck]} 18 27 52 26 71 39 89 #dot
93 x 83 28 c 55 33 #s-long 53 21 17 31 n 27 #s-long #l-loop 44
#4-hook 15 18 {bey} 46 π 58 43 #z-tail 57 26 40 44 31 83 #z-tail
80 28 36 ψ 11 18 28 74 33 9 #z-tail {und dies} 3 d p 33
α #s-long 27 37 22 39 #s-long 13 53 π 86 41 54 19 93 26
42 37 2? 26
{Der} 49 27 #dot 27 #4-hook 19 78 31 86 #z-tail 9 31 #s-long 100 w 36
83 28 d 33 84 9 27 89 55 18 27 23 25 27 40
63 15 93 31 16 27 26 25 π 40 d 31 27 26 15 28
42 p 43 26 26 44 31 α 39 p 24 18 28 73 100
93 28 78 73 26 93 66 π 40 26 78 33 26
23 π 31 15 27 #s-long 22 27 9 73 26 93 x {Ihr Kay.}
{Mt.} #dot 13 9 π 46 43 {das} 36 41 27 9 15 27 26
14 40 25 31 27 27 39 35 #4-hook 19 83 w 24 23 27
43 27 #s-long #l-loop 16 18 43 31 66 w 83 9 π 19 33 α 27
20 26 15 33 61 100 32 29 m 18 13 39 85 49 p 26
46 27 26 Δ 48 100 π 37 22 18 70 27 17 31 30
## right
44 18 82 39 #s-long 27 62 26 9 42 27 α 33 25 x {schickt}
{NB} 40 42 α 85 π 18 42 26 #dot 19 86 100 32 98
15 27 26 16 π 58 82 21 9 84 28 #4-hook 16 83 28
{Ihrem} 9 28 26 73 33 74 93 31 22 93 28 9 16 28
{des Ungarischen Khönigreichs} 29 p 22 51
27 52 27 #z-tail 33 16 30 c 27 43 27 #s-long #l-loop 17 55 27
29 9 38 30 42 11 27 50 31 74 93 22 #z-tail 26 23 11
27 6 28 83 57 31 {khönden also} 52 26 78 37 18
28 26 {worden} 61 89 43 27 #s-long #l-loop 19 31 84 {wenn}
22 33 d ψ 10 27 48 87 37 16 87 43 w {et omnia}
21 38 59 Δ 27 89 19 α 42 27 {NB} 6 25 86 #z-tail
#dot 33 #s-long 43 w #4-hook 23 27 83 31 53 59 28 39 34
37 10 28 17 31 9 43 27 6 93 x 42 79 74 26
{und in somma} 15 31 71 35 27 9 28 73 35 27 9 28
78 74 16 π 40 18 15 #z-tail 30 41 16 19 39 26 22 11 37
ψ 11 60 19 #z-tail {wie} 59 w 31 n 28 59 17 31 9 84 27
57 26 82 6 31 63 10 26 73 w ψ 10 27 39 35 62
20 27 6 w 52 39 35 26 27 37 22 33 27 39 35
19 28 27 {hab ich mein lebtag nit gesehen, alle}
#4-hook 13 28 26 61 15 #z-tail ψ 25 46 31 83 42 43 31 {ob}
{Der ihm mit zu} 24 15 26 63 11 37 26 16 36 68 17 26
82 18 53 #z-tail 56 70 π 26 44 39 p 31 82 15 22 π
