# legend: names as in tr/LEGEND.md
# two-page spread; continuation of the 14 April 1639 letter from P1 (all cipher on left)
## left
53 39 x 20 86 27 19 #s-long 21 #a-loop #l-loop π 9 63 31 26 n 33 46 9 100 31 26 19
#hash 17 #a-loop 48 42 13 20 x 88 43 72 33 83 27 73 17 π 40 25
31 38 36 50 39 34 27 x 26 97 26 18 17 53 27 17 20 53 28 27
39 72 18 27 26 83 #z-tail 91 33 ψ 82 6 28 37 21 31 36 26 17 35 53
48 31 #sect 97 26 83 28 78 27 39 73 17 83 27 26 17 31 82 27 c 55
62 43 #z-tail 21 33 62 21 33 26 42 27 86 30 49 π 17 48 31 c 19 42
18 17 53 27 59 39 35 26 22 33 72 18 28 78 84 31 39 68 #z-tail {id}
{est} 82 18 64 9 17 52 27 39 73 [27] 39 35 21 28 9 39 68 #z-tail x 83 26
43 #hash 17 31 36 44 #s-long #l-loop 82 53 π x 21 #a-loop 51 27 86 78 43 25 26 44
#s-long 12 53 27 49 87 27 17 53 21 55 27 x 31 83 π 18 #s-long 22 #a-loop 85 32
30 44 19 17 10 82 87 13 x 17 27 x #l-loop 27 17 39 35 74 40 57 39
35 52 18 52 39 35 26 27 #4-hook 19 15 9 28 84 100 93 28 73 44 95
78 64 27 6 31 c 18 c 39 35 52 39 35 26 27 #dot 48 28 45 31 39 k
86 31 17 10 31 39 #s-long 12 52 27 22 33 d 93 100 18 73 26 22 33
63 27 21 33 72 18 12 40 c 39 35 6 33 40 27 26 17 31 9 28
46 c #s-long 12 43 77 27 40 100 φ 18 33 64 π 13 40 64 x #4-hook 21 31
21 33 63 22 31 83 43 #sect 18 19 36 n 28 74 95 26 10 31 38 #4-hook 17 28
16 α c 31 w 74 93 31 84 27 #4-hook 18 28 39 34 ψ 25 21 39 86 π
56 82 43 #z-tail c 55 33 18 26 17 31 9 43 27 α #s-long 84 31 97 26 84
28 9 31 #sect 25 43 83 #z-tail 16 31 9 42 #a-loop 70 92 x 31 26 d 33 9 59
31 83 π 69 97 18 28 68 17 31 α #s-long 27 37 21 39 #s-long 12 31 79 31 ψ
25 31 38 79 28 52 26 78 93 31 68 17 31 12 33 89 c 12 31 74
93 #z-tail 57 26 18 17 π 22 31 83 43 #z-tail 12 37 37 15 87 12 27 39
73 17 31 94 28 62 39 35 84 27 41 57 27 39 73 43 17 39 35
## right
18 17 31 71 37 Δ 31 36 19 15 #z-tail ψ 17 78 27 9 π 66 52 36 18 28 37 13 #z-tail
78 31 83 #z-tail 75 18 9 #z-tail 82 18 16 27 26 27 d 56 39 35 9 31 93 83 #sect 12 33
21 10 37 83 28 #4-hook 18 6 28 25 31 38 18 33 93 84 27 22 28 9 22 26 42 10
π 43 100 #a-loop 25 #z-tail 38 82 18 22 11 26 71 42 9 26 57 26 63 28 #4-hook 19 15 33
27 30 42 31 78 #z-tail 53 76 #s-long 10 π 45 x 31 26 82 36 Δ π 98 6 84
100 93 28 21 33 63 43 17 39 35 27 44 26 73 n 28 51 π 93 31 #4-hook 18 28
83 #z-tail 17 39 35 21 25 39 35 #dot 40 27 48 51 31 37 10 #l-loop 44 18 49 87 27
40 44 31 83 80 28 77 85 27 21 38 22 62 29 x 38 98 26 82 27 46
53 31 70 27 27 39 35 #4-hook 21 28 ψ 18 31 93 28 77 13 26 44 31 27
57 26 9 31 84 26 44 #z-tail 27 57 27 α x 31 26 25 π 40 d x 33 58 35 28
#4-hook 18 15 33 21 28 31 73 17 π 40 x 33 63 17 39 35 26 84 27 64 9 17 52
27 39 73 54 39 35 34 35 17 31 27 30 18 28 36 56 39 35 9 74 93 #z-tail
29 x 17 31 15 #s-long 53 43 m 63 82 #s-long 26 43 77 71 37 c 18 d 33 63 #z-tail 70
28 39 35 66 π 93 #z-tail 83 28 18 10 27 6 28 62 39 73 43 27 48 39 26
97 26 52 31 83 28 27 26 36 41 6 28 78 78 #z-tail {Ihr Kay. Mtt.}
21 33 27 ψ 25 36 50 39 34 27 x 26 33 18 31 26 44 17 36 54 82
17 25 82 89 31 84 18 #hash 37 21 39 #s-long 27 24 17 18 74 26 c 39 35 83
28 75 18 9 73 28 28 9 31 27 26 44 63 31 81 28 37 6 18 62 78 28
93 26 41 78 #z-tail 36 64 10 40 c 18 #4-hook 10 31 27 39 35 9 #z-tail 17 39 35 9? 18 43
52 19 83 28 20 31 83 #z-tail 78 #4-hook 18 6 #z-tail 20 26 99 9 21 33 ψ 18 17 26
d 33 63 98 {Ihr Kay. Mtt.} Δ ψ 18 w 21 28 w 73 16 π 40 74
26 83 31 49 27 9 31 {Ihr Kay. Mtt.} 70 28 39 35 57 39 35
52 26 18 π 30 37 22 31 78 #z-tail 17 35 31 #sect 25 12 40 62 77 43 #z-tail
84 27 18 28 27 #s-long 33 c ψ 18 97 26 10 31 56 36 62 39 35 69 31 ψ 25
#4-hook 21 27 6 28 25 31 38 64 31 83 13 35 31 49 27 46 28 26 #4-hook 12 18 28
72 31 24 17 33 33 {... statt den 14. April 1639.}
{[signature at right: ... Kurz(?)]}
{[clear postscript, bottom left, ~6 lines, unread: "... 9 Martij ... schreib ..."]}
{[clear margin note in gutter beside lines 10-11, unread]}
