# legend: names as in tr/LEGEND.md
## left
13 40 64 #s-long 14 53 27 d #4-hook 17 28 16 35 π 26 60
18 31 74 93 31 15 35 w 22 11 39 35 52 26 ψ 25
93 24 18 78 #z-tail 83 28 78 37 22 35 28 d 92 33
62 39 35 93 18 83 π 27 39 35 #4-hook 20 82 27 39
73 w 81 57 54 26 17 35 π ψ 11 93 37 22
35 43 w {Wan ... ablesse Mainz ... seiner}
{Zeit} c 39 73 43 28 62 54 35 88 2? 18 43 31
23 33 27 22 31 17 18 ψ 14 82 19 37 14 28
#l-loop 54 57 26 25 31 27 {Inlandischen} 73 28 ψ 14
36 78 13 28 36 64 27 26 c 39 35 25 93 28
22 33 63 66 52 36 24 21 35 28 Δ 31 36 c n 9
63 w 27 c n 51 63 27 27 26 44 49 ψ 17 43 31
{cum post oblatas suppetias, a Caesare, a}
43 78 69 31 25 31 38 #4-hook 17 33 16 35 32 {also}
{auch das} 38 24 33 9 d 42 25 π 9 w 39 44 17 27
n 28 37 22 27 #dot 31 36 52 26 23 10 37 78 26 44
78 31 {werden} 24 17 28 #4-hook 22 17 27 14 40 18 28
15 35 31 43 39 35 26 26 44 91 8? 26 {allzeit}
{habe ich jüngst am} 27 39 35 43 17 93 31 78 67 3
w 17 31 83 32 20 28 15 35 π n 28 73 40 26
## right
84 27 61 75 32 4? 22 35 28 Δ w 78 31 α 33 x 14
86 32 55 31 17 87 28 26 59 36 83 80 28 36 41 7
33 ψ 25 28 α 39 35 c 39 35 52 26 {verstehen,}
74 33 93 28 27 x 26 17 27 26 16 31 25 31 6
43 w {hamburg, in somma} 18 27 40 63 17 40 26
{auch diejenigen} 18 16 31 15 π 48 28 37 18 39 26 27
24 19 28 39 34 {et ogni uno per se et Dio per}
{tutti. Das} 34 25 40 26 86 31 39 50 #dot π
41 02 83 82 6 {deshalben} 59 w 31 d 33 63 83
32 94 31 53 28 61 7 #z-tail 37 14 28 #l-loop 54 {Landern}
{lassen, den} 92 82 79 73 31 83 w 86 33 46
ψ #4-hook 15 27 39 73 31 93 83 #z-tail 39 41 53 w {vnnd}
71 39 35 61 40 20 28 67 4 25 27 14 27 9 28
43 17 39 35 {bishero} n 28 37 22 27 9 28 c 39 35
{gleichwohl deshalben, et col vincitore,} 84
31 89 47 #l-loop 62 43 w
{3o. Von bewilligung der Römer Zug} n 33 83 23
62 29 m 25 π 40 44 18 17 53 27 24 11 28 39 34
62 39 73 31 39 44 15 27 27 39 35 50 27
74 33 26 17 39 35 22 25 39 35 Δ 31 58 33 28
