874 729 821 776 826 752 1155 956 729 572 58 608
769 899 952 860 1073 493 339 602 441 373 713 996
1148 297 847 459 395 1170 517 255 1126 726 424 262
371 793 972 977 399 478 353 1015 727 515 885 269 709
517 954 511 322 325 318 759 525 893 212 249 761 44
1170 948 863 726 15 387 886 412 1190 1138 997 451
443 874 312 441 873 375 791 629 318 481 1210 690
567 1125 721 821 551 536 50 496 228 415 493 471
1157 1339 424 832 589 297 950 1019 613 396 726 891 725 875
387 759 853 189 297 961 536 709 778 859 749 642 1066
727 235 511 447 217 756 811 1125 695 953 189 307 807 369
392 241 709 376 339 885 1090 118 1005 418 944 785
299 328 602 441 373 1125 690 484 297 617 493
707 179 810 896 249 913 361 212 302 711 621 444
899 318 220 616 374 521 283 422 984 306 772 990
483 709 269 845 293 405 536 267 711 996 759 1116
610 343 62 646 493 324 438 206 275 608 1064
1165 1019 1157 1195 541 803 901 315 852 548 893
836 771 457 462 262 400 65 134
