# R1052
23 134 94 208 896 307 992 219 569 847 306 787 276 645 1130 898 192 570 276 1044 797 838 1017 853 580 521 257 276 645 183 521 1021 64 576 722 588 1021 849 306 645 91 472 79 1077 362 716 797 1857 481 245 1044 835 896 820 202 196 787 629 6 797 629 954 31 878 551 633 1088 842 835 954 516 134 580 631 948 842 432 306 380 414 888 572 631 1152 996 362 234 627 252 447 1044 1124 330 984 895 1131 210 1057 739 283 219 22 878 781 219 828 727 23 10 570 7 32 885 1018 517 1159 1135 316 940 842 67 210 760 593 835 828 729 23 134 1152 89 516 943 645 868 1077 362 780 992 31 1016 868 835 1127 30 835 248 208 769 583 888 938 885 61 760 13
# R1053
1088 838 54 479 663 922 1179 257 645 937 219 196 1018 472 1017 580 224 219 583 171 362 1130 1192 582 380 306 878 979 828 224 749 329 219 583 6 992 50 219 582 821 521 1027 949 967 1127 1021 219 642 477 91 1016 98 362 276 362 920 992 276 1111 583 992 20 493 483 171 1068 11 760 208 780 992 1159 23 878 1124 23 380 732 1122 31 929 593 943 219 208 690 8 35 1184 219 909 588 986 1179 739 224 219 583 171 583 6 99 50 229 1016 821 593 219 958 992 835 565 590 362 299 22 362 399 1021 28 865 1 31 1159 878 937 31 546 1131 210 745 245 835 49 950 936 583 95 516 835 884 1126 306 787 899 878 113 245 576 593 31 1159 569 134 208 878 897 1087 943 938 968 949 576 1057 34 1016 98 580 842 989 853 134 739 521 851 414 966 1111 856 1017 992 925 1101 416 66 834 888 546 618 934 31 1164 580 835 1127 1134 583 521 576 954 13 5 1189 797 196 949 611 1088 835 640 31 23 192 1099 607 698 219 1114 295 219 758 828 31 22 1189 955 895 844 333 257 13 104 105 196 45 992 900 580 1044 245 362 950 645 1146 219 569 219 1017 74 737 797 838 55 257 101 219 975 831 684 797 999 257 593 468 380 93 8874 527 289 572 202 849 835 294 276 645 438 457 439 661 885 419 695208 986 50 992 1016 138 838 851 1088 996 202 483 253 966 306 1099 37 949 853 912 276 605 86 54 579 464 276 414 1044 745 631 679 1022 80 276 624 362 716 797 1057 481 245 219 583 306 757 219 582 414 966 847 362 306 1099 593 768 878 587 878 167 1087 219 1084 460 938 828 68 797 49 954 582 878 208 527 907 1179 888 1088 362 858 521 898 1068 695 835 414 593 745 950 992 829 219 416 582 1145 942 219 725 582 1145 1088 996 202 504 31 986 50 992 622 955 362 1046 196 45 992 900 2580 396 878 979 938 966 1134 1018 941 527 574 1096 583 67 219 828 31 865 582 875 219 569 897 992 13
# R1062
582 422 219 294 838 469 1021 938 745 996 161 1057 583 741 219 582 123 593 1159 380 1018 637 787 797 10 68 685 533 797 23 239 732 202 684 588 3 62 590 966 377 992 354 245 102 47 1057 828 1054 219 828 31 569 208 1164 797 1036 663 13 105 23 10 1099 662 31 878 858 949 79 134 1044 745 797 422 992 966 941 527 314 579 992 434 593 1159 1088 1127 945 583 1142 582 142 797 895 844 74 306 196 219 750 245 77 992 583 435 1 041 865 470 582 875 219 569 870 897 992 888 16 154 878 668 943 938 202 316 828 74 739 519 1165 527 1099 653 884 582 276 185 219 583 171 1044 582 202 1055 1021 29 1194 1122 219 828 841 593 225 838 645 619 32 1088 838 732 1127 219 1189 992 984 618 936 1071 992 805 580 820 616 946 336 583 171 103 1044 582 202 178 13 105 488 685 1175 219 208 985 572 1124 967 1159 588 663 308 31 16 739 1134 885 1182 219 582 414 593 31 1159 878 691 414 134 968 380 889 847 902 992 202 1166 306 583 807 1078 828 1127 1134 172 841 856 308 572 380 739 1134 13 105 23 766 31 768 583 1146 219 196 1018 472 787 1129 557 1088 838 743 31 828 50 2 527 994 878 813 838 928 959 580 878 585 245 202 716 1021 645 226 820 966 928 481 740 645 91 1044 835 58 725 580 889 743 572 842 918 827 760 31 787 1008 572 1075 936 739 661 219 16 572 601 936 1045 884 245 208 963 414 645 885 595 1021 768 828 455 583 593 572 996 631 1174 885 146 1016 91 202 749 202 828 226 820 885 609 219 10 517 31 569 683 1116 768 828 853 197 787 593 645 898 516 134992 1008 966 878 226 820 739 729 572 202 859 1111 1145 835 928 172 912 593 31 829 541 245 202 749 1088 202 447 31 1016 91 843 202 362 663 569 966 1116 1046 1159 389 824 583 93 276 1184 1016 91 838 878 565 942 1159 828 1068 265 454 797 1058 797 13 107 878 226 820 219 1148 938 695 208 10 580 1057 1017 836 1017 650 527 1016 1020 900 693 744 727 593 245 362 950 582 406 1164 868 856 521 729 50 787 521
# R1063
878 946 433 1044 1127 1134 31 582 1093 878 946 48 433 1044 1127 1134 31 582 711 739 1134 389 824 835 645 130 992 907 1068 431 768 645 219 833 765 380 946 1103 31 833 431 49 64 685 1042 134 435 216 864 308 219 758 72 1041 23 134 1194 607 898 219 1019 23 134 945 31 569 690 1069 380 996 470 645 350 219 828 1044 945 54 579 684 13 23 134 945 766 31 828 455 818 219 154 739 948 219 202 797 1071 992 593 123 992 380 882 1044 161 210 582 845 888 1159 616 842 64 5 90 696 729 1078 240 899 807 416 992 1127 1134 946 1084 792 516 834 310 23 134 945 582 90 432 689 13 107 29 1116 516 327 1025 202 196 219 472 787 398 582 1045 569 202 582 189 797 888 23 766 572 580 739 955 1019 202 927 1017 663 1145 31 219 2 1142 23 1194 763 31 58291 633 10168 927 377 580 838 638 747 31 878 632 276 570 626 996 938 580 362 948 837 835 210 521 377 992 219 889 768 828 455 13 105 380 1130 898 797 219 582 12 1018 1057 1017 1017 1164 580 134 435 685 663 308 1018 975 429 922 1179 739 192 1096 202 835 2 878 540 834 2 844 337 516 732 383 979 134 878 1127 955 94 1159 757 13 119 1041 196 488 202 583 1152 725 1042 219 10 764 219 1164 797 239 946 942 827 868 1046 380 224 966 399 780 992 362 573 1016 728 835 842 616 362 553 828 31 516 835 618 934 225838 202 985 219 582 1050 593 758 1050 838 645805 662 219 1017 591 1179 593 483 706 565 276 831 1021 831 857 380 970 1044 966 1118 927 1108 693 583 273 1043 202 645 101 835 517 219 573 380 1017 1056 306 380 741 979 945 161 1057 899 380 765219 583 703 593 899 758 899 582 321 750 853 1078 219 807 416 992 481 516 912 797 569 955 576 954 582 1145 828 31 865 470 582 875 219 569 835 985 888 1041 828 805 838 340 1018 1148 729 787 23 766 572 635 966 582 1013 992 219 832 736 787 740 1043 1131 210 142 31 583 1018 1148 729 289 1127 521 827 308 927 996 832 521 140 1127 47 1088 966 1134 54 579 684 582 1093
# R1064
380 1184 219 294 1127 1068 1127 853 1116 593 745 650 1127 992 422 992 878 674 219 828 727 966 116 487 582 728 219 582 123 516 618 31 828 1127 955 354 1188 966 923 1044 583 887 435 13 105 380 61 580 276 797 966 5821184 219 445 1018 1016 1015 134 1068 943 946 1103 31 923 219 582 1015 1164 828 276 1175 593 380 805 984 1127 316 276 1013 992 99 835 683 992 752 940 1159 938 1021 992 470 572 838 504 31 1016 65 31654 1017 856 955 758 1088 745 650 950 992 645 123 276 6451159 981 1021 208 899 58 172 1192 885 888 200 645 123 42 899 380 37 841 1135 593 645 1017 521 225 1078 885 284 899 380 61 580 276 797 540 202 265966 388 10168 838 362 1164 495 689 31 380 1184 134 803 516 1119 948 362 645 357 1021 955 1078 1044 61 527 878 1134 878 945 864 1017 676 582 856 1134 380 579 744 593 1018 272 900 856 1134 959 172 878 308 380 61 580 276 797 540 744 582 431 72 516 739 955516 582 875 219 569 754 949 582 219 1044 580 588 141 1044 362 676 996 202 1108 276 831 684 797 362 928 481 740 878 226 820 219 1148 938 593 633 196 219 472 787398 582 245 631 327 134 30 878 565 91 23 1194 112231 1159 1088 685 1175 835 294 1088 1127 955 54 1017 856 593 1159 616 54 579 663 13 134 1152 276 835764 263 813 583 925 888 1044103 1088 245 362 178 1016 835764 1014 308 134 245 362 943 853 742 1084 792 516 557 768 645 590 942 927 580 631 200 31 1160 276 762 276 1013 992 879 6 856 1165 787 797 865 1047 572 134 1127 1134 943 276 645 619 299 739 1072 219 22 219 1046 336 583 171 13 1016 823 828 838 219 756 930 31 1027 945 902 992 362 828 455 583 946 887 1021 1151 834 284 1127 1164 797 31 758 380 472 79 1077 797 219 563 323 1018294 593 1041 1016 954 50 838 878 948 219 395 1165 527 1159 1021 878 946 1021 219 202 611 985 202 196 8781 219 537 83 1099 878 31 196 219 907 797 954 580 729 460 172 516 134 768 1165 650 481 582 838 54 579 663 257 593 31 23 949 576 856 569 45 992 214 942 664 645 890 345 219 1135 63 13 107 29 108 13 582 147 245 362 743 1025 989 695 208 583 583435 1103 611 148 86 414 593 583 588 580 838 851 276 414 1088 996 362 532797 966 583 86 572 1127 838 1136 992 1108219 754 949 576 856 219 582 1184 1166 219 925 6 579 134 593 1018 797 868 787 874 521 576 1017 744 483 134 498 637 582 1057 134 219 879 45 1017 739 13 105 569 684 1116 196 768 56 600 521 495 576 576 056219 583 1184 1018 1016 728 760 878 590 565 219 582 422 1159 23 058 945 13 105 23 604 955 516 1025 502 147 516 401 955 516 828 31 569245 109 797 593 300 415 797 31 23 1164 500 09 146 740 009 004 1119 078 1074 219 6 9 466 13 119 1000 030 068 521 172 812 31 196 276 570 329 593 362 569 700 992 300 151 219 22 362 1016 1021 280 516 1131 210 276 797 099 202 1044 078 1017 282 645 055 219 196 1010 472 707 398 582 13 105 306 300 1174 725 1021 1116 71 865 622 362 37 197 579 992 196 099 925 1140 065 960 949 611 1088 042 640 219 900 725 1011 1179 070 77 134 986 945 650 03 907 992 1077 31 583445 521 1017 955 13 105 276 408 1016 023 020 500 125 948 645 116 593 580 125 31 027 308 202 134 1021 834 739 1134 236 842 078 432 994 219 583 1114 100 593 739 1134 530 033 239 739 027 308 942 1027 502 739 1134 1047 363 701 739611 219 1135 1072 942 768 502 570 380 1021 1165 516 912 308 101 1134 037 582 645 219 582 63 23 134 569 503 780 1126 020 1054 196 31 901 134 502 078 308 593 035 208 167 1077 362 950 1021 219 503 333 992 1159 583 294 1017 1159 797 056 362 502 123 593 1159 03 1127 032 521 098 611 942 219 503 172 516 1017 1159 034 725 1179 42 042 051 276 414 1000 996 362 265 031 572 631 679 1021 362 1068 1018 306 787 219 582 624 219 460 039 500 593 5172 035 679 936 037 966 1175 1056 30 740 009 020 583 949 77 030 078 565 1044 362 858 521 898 3801146 576 922 1165 192 576922 31 797 593 969 219 285 17 1017 579 72 1000 245 362 743 219 946 989 695 208 196 503 580 704 219 481 245 276 1025645 921 219 306 1099 521 675 771 1088 830 115731 300 265 729 460 172 516 134 797 633 1000 996 008 377 940 943 1127 257 676 257 582 90 858 898 219 454 1017 228 797 1050 005 943 1127 950 797 521 970 674 114 521 743 283 300 1191 1094 1127 576 381 521 954 579 470 729 460 172 516 134 521 807 685 1017 878 632 219 6 848 920 570 134 77 992 807 992276 748 308 1021 208 579 836 742992 228 83675 807 588 533 219 941 527 858 516 593 813 217 712 77 992 787 729 460 172 516 134 521 807 685 1017 583 495 537 588 878 219 920 992 1018 739 807 588 533 219 583 743 669 1111 582 820 362 853 579 797 593 219 583 362 920 31 878943 1127 950 1017 282 936 380 265 729 460 172 516 134 797 593 878 836 742 992 228 835 593 31 583 130 398856 134 377 31 885 265 9 13 107
# R1065
865 470 582 875 219 569 897 992 429 922 479 31 380 1184 219 294 1127 992 422 1118 878 674 1018 828 727 616 225 362 853 742 1159 433 31 243 202 527 245 835 78 593 865 842 835 347 922 1179 739 192 1096 744 531 1088 245 362 743 572 1127 966 1134 31 582 422 1017 432 787 60 884 225 588 663 308 362 828 590 134 1127 1126 948 1021 959 580 134 219 878 1046 135 1145 706 812 308 362 582 123 740 583 736 588 66 219 1018 583 1046 858 684 239 306 470 10 88 245 362 743 837 31 1159 886 873 337 936 828 134 1127 1134 943 354 1164 580 142 583 698 219 13 992 739 638 261 676 1099 516 13 797 979 838 582 523 219 954 580 144 838 650 527 257 835 838 851 828 6 588 580 966 401 828 31 196 219 272 725 582 878 889 362 189 1088 1127 955 768 667 947 872 283 362 6 1127 516 446 593 23 1194 120 572 401 955 611 758 828 10 889 838 1164 797 1036 787 885 23 69 569 495 576 696 1021 219 202 611 1017 1166 992 362 196 878 185 219 537 834 684 1188 1159 663 362 582 605 276 832 229 736 645 821 219 611 1165 868 805 807 435 573 380 301 31 828 455 966 1134 927 83 907 992 1127 1119 835 851 1017 580 248 208 1084 768 527 314 1084 557 593 768 1142 582 142 797 878 1116 886 1127 10 527 663 955 768 583 1142 582 142 797 294 1021 740 276 926 946 219 336 31 878 276 645 619 851 885 301 196 219 907 797 954 580 797 838 1136 992 1108 219 784 949 576 856 362 196 219 272 725 582 878 229 582 1193 593 565 219 583 906 219 1016 415 739 805 219 573 83 580 835 248 732 948 219 723 1127 853 1017 13 109 878 937 219 488 362 64 986 856 276 645 827 308 942 878 650 797 838 68 246 878 1158 675 667 219 828 727 53 593 573 31 878 874 911 1041 1088 54 579 663 772 984 134 945 943 951 239 257 306 380 650 797 276 838 593 219 909 992 276 838 593 31 833 680 797 134 479 435 943 276 54 579 684 362 842 210 1018 1088 245 327 955 306 1016 53 373 835 779 570 1021 516 329 1021 955 140 196 276 739 79 819 362 1148 1021 1108 835 565 590 31 516 739 955 516 582 875 219 569 847 306 787 885 98 219 134 10 1099 362 979 1072 13 107 591 1179 999 739 28383 219 23 527 134 23 889 732 1017 954 856 362 582 1021 282 219 582 123 828 856 362 582 1021 28 219 582 123 828 31 889 732 236 743 1088 268 752 134 943 1127 1021 1165 576 912 992 219 835 847 645 687 362 583 67 828 552 306 787 219 583 954 570 1017 834 572 362 219 1152 10 765 888 1041 758 380 196 31 1027 454 714 834 49 1164 580 779 943 583 98 276 645 421 1044 966 1134 844 556 362 583 809 31 569 362 663 64 725 1021 354 245 189 992 219 569 847 885 741 340 967 1159 588 663 899 380 230 1018 583 171 516 618 835 1124 481 464 1014 429 578 463 219 828 727 516 739 955 140 582 875 219 569 1017 512 898 966 1075 992 768 878 455 164 202 885 874 527 289 735 1018 966 134 968 50 725 693 31 306 885 900 685 1042 219 265 440 942 219 771 220 200 23 832 685 1073 31 583 1142 582 142 838 1159 1018 966 496 219 355 984 134 745 943 939 276 35 683 992 835 225 716 853 912 907 899 1068 1126 633 572 1127 1134 340 1193 219 847 1164 828 799 582 429 282 219 582 821 306 645 850 548 701 219 355 878 1108 1116 593 749 992 362 828 850 483 460 1021 833 219 225 716 853 912 380 946 878 1108 1116 330 828 850 966 1134 1127 950 992 740 685 2 841 856 521 941 856 219 748 663 593 899 878 971 663 835 414 593 31 569 966 1116 768 945 835 631 885 98 13 119 865 749 202 582 147 380 388 1165 527 1099 575 380 151 219 22 1016 91 838 851 828 6 5 580 966 112 7 754 362 722 582 676 1021 787 593 219 583 835 414 1088 245 1122 572 685 835 89 362 920 859 1018 1001 460 839 588 362 1148 1021 1108 1088 1127 239 685 955 521 1067 276 1095 992 879 421 593 219 749 993 452 429 922 1179 645 909 556 899 645 695 208 583 949 77 23 766 572 635 779 134 847 1133 966 1194 787 858 899 828 1044 578 1017 282 429 276 631 460 839 5 1151 829 841 966 1134 797 60 58 874 527 50 992 1159 1088 49 1164 909 898 31 583 949 77 362 896 853 742 593 1088 838 362 1164 495 689 31 460 839 580 362 946 276 645 38 13 105 582 86 276 613 202 466
# R1072
865 049 11 744 727 502 147 1000 6 743 572 949 576 459 090 904 070 1017 949 307 1134 1010 395 521 661 572 103 276 631 754 306 38 329 572 362 749 099 300 970 219 502414 556 079 773 768 300 265 060 1010 797 593 695 200 300 306 502 329 521 695 200 6 472 245 942 6 629 245 74 820 942 1069 74 020 521 1103 1008 50 940 1021 219 503 610 1020 611 005 1010 637 703 927 560 363 527 572 1116 056 1134 257 202 1045 521 729 707 306 203 999 202 020 31 569 245 470 797 1159 1004 749 219 90 151 1000 700 44 645 023 500 906 729 1070 219 300 1165 527 1099 202 020 432 994 1000 051 955 750 219 1194 0 966 502 414 276 942 1000 316 219 927 607 1010 502 1104 005 307 219 1057 1 893 219 689 219 1019 261 1010 502 1184 67 885 507 276 419 276 1102 597 276 1096 503 50 1018 885 355 101 857 580 521 1084 768 833 507 593 645 890 005 71 992 500 108 979 321 750 954 435 219 502 1104 44 219 502 615 414 1021 005 355 1044 996 1068 219 502 1104 1010 399 1103 219 502 1104 005 472 79 172 911 219 399 360 040 007 1070 005 970 000 265 64 432 1021 707 1000 219 301 1000 2 907 1021 196 954 500 593 285 637 502 500 021 1017 005 297 1044 797 996 004 1119 593 005 607 904 035 604 955 362 205 1165 527 6 1000 1122 572 333 955 758 828 1044 1127 116 955 212 32 760 8 729 79 134 707 1018292 219 750 300 970 316 797 739 224 219 758 1135 068 1160 1142 797 768 380 764 431 219 750 300 069 219 729 245 053 912 966 1016 1015593 005 30 31 38 414 940 035 06 1000 245 202 1122 572 199 93 005 1146 340 204 820 327 219 391 306 196 527 314 1111 502 035 414 593 31 1159 938 202 996 690 870 432 994 1000 1127 004 30 1103 276 035 1112 973 604 403 645 797 000 31 035 020 729 1000 635 779 889 1122 992 645 307 140 938 1044 070 725 707 035 1184 219 605 570 1021 035 06 942 1112 147 72 569 373 196 828 31 1016 91 316 020 572 780 030 548 362 8121159 225 830 1045 700 8 570 000 1159 1000 1017 245 696 787 1130 1071 1000 200425 904 134 966 1134 8 1013 992 502 624 984 009 749 955 51 1131 210 89 140 899 616 1048 151 740 712 053 500 450 1151 1159 569 362 024 1084 1135 661 1060 1017 959 2 202 292 134 797 225 739 1134 044 735 240 13 105 23 1194 363 527 740 196 722 911 140 31 23 809 70 1196 1010 517 675 207 1049 134 1004 966 645 71 992 500 1179 219 1068 30 927 604 992 200 828 572 004 955 202 502 362 11 13 107 29 110 107
# R1073
958 631 1017 853 580 521 878 1130 6 31 516 631 749 645 723 202 399 627 261 306 878 979 23 399 413 934 31 22 1017 282 1134 645 123 768 380 355 219 1057 1017 219 5831711041 645 776 202 583 809 828 1130 898 362 842 1018 794 898 768 878 827 308 888 865 1047 895 202 1016 762 1046 878 531 23 889 732 413 31 1027 134 949 576 787 936 593 580 631 395 888 949 576 856 1127 208 1145 885 728 219 399 627 26 888 31 306 1068 1104 884 225 1078 966 834 22 380 684 1134 740 599 527 399 797 1071 992 768 885 789 1103 633 58 171 895939 380 1194 787 289 593 633 834 895887 992 31 380 558 516 994 4 797 792 868 1193 23 889 732 1017 954 856 828 3 23 889 631 743 583 885 495 797 1088 996 202 483 590 593 740 878 565 1106 516276 1151 1088 245 362 855 521 23 1194 662 31 1016 357 1021 95 1078 1069 533 562 955 611 885 974 593 23 766 248 208 308 31 1159 380 171 134 945 650 582 479 992 1088 1127 1119 521 827 868 735 1103 96699681 1164 828 799 645 413 362 925 764 202 930 219 1043 593 202 930 219 292 306 583 979 583 171 5 955 5 774 942 834 838 219 1116 1057 507 308 09 593 1088 134 797 161 202 219 758 616 31 684 79 878 675 521 5727 64 1136 868 31 582 31 77 722 580 1127 516 1041 569 878 684 1116 134 83 907 787 943 885 98 219 292 1103 284 820 1088 635 89 1046 1159 616 134 2 943 806 13
# R1075
865960 820 6 500 500 645 171 740 870 979 243 470 645 006 1142 096 239 172 1070 099 502 123 1020 889 035 631 1016 454 1050 502 062 1193 593 565 070 768 013 549 739 720 431 1000 245 202 924 31 1159 938 503 849 936 020 500 042 31 1017 503 500 663 308 202 020 904 631 362 939 521945 1127 1119 513 13 569 684 1116 768 070 139 47 707 966 078 516 470 134 645 509 735 12 966 572 139 1099 1021 739 041 557 219 047 992 1075 407 502 1021 954 1021 715 79 500 626 768 070 03 1017 739 13 105 23 1094 860 257 503 048 219 503 1146 31 322 707 992 930 500 245 362 327 10 130 390 7073 056 842 712 432 208 504 308 392 979 362 1053 6 1146 870 495 576 064 308 134 582 842 943 13 946 079 164 622 435 362 683 992 521 726 768 582 629 992 579 812 37 1070 521 237 219 020 727 946 23 766 095 047 530 914 1175 572 752 31 1016 90 1021 43 012 1022 10 797 1179 572 752 31 1016 90 470 219 949 033 13 107 23 1127 1126 340 54 50 219 502 068 1193 521 907 31 20 569 702 452 1159 23 500 631 470 362 569 847 306 707 330 219 503 421 1044 745 1127 247 202 292 10
# R1076
1108 936 219 758 60 705 588 663 308 1088 807 833 1127 219 828 827 308 583 219 135 1179 593 202 337 878 832 676 996 1044 739 1134 842 219 771 551 276 1084 941 992 856 354 583 590 954 856 1044 835 202 725 265 826 276 1184 276 1111 1145 23 134 945 569 1018 954 868 142 582 369 942 1088 940 842 257 219 828 832 676 996 927 49 1164 929 797 835 600 572 838 54 579 663 593 938 1127 1165 663 801 257 521 1127 764 984 684 1116 236 949 611 23 622 202 1194 570 102 724 607 23 569 1017 954 856 740 67 31 23 399 745 6 1001 593 380 1188 31 569 362 663 611 202 527 49 64 527 684 9991 362 1166 131 107 23 205 202 766 31 582 821 308 885 278 551 739 955 383 354 123 768 380 355 219 105 1017 593 927 878 10 527 874 911 768 945 219 283 47 583 774 202 1016 1021 282 745 631 842 432 1021 429 922 1179 835 1142 582 142 797 13 105 1016 357 1021 955 1078 645 706 774 1021 239 362 967 527 797 1127 1021 740 276 926 946 219 685 2 841 856 31 582 938 469 362 1046 31 380 414 1116 954 225 856 1119 583 807 685 130 1078 294 1021 202 154 1018 583 64 856 225 1078 979 739 955 593 572 838 731 513 276 1084 941 992 1057 1103 308 758 380 832 676 1099 1044 739 1119 362 858 684 239 583 6 580 50 13 119 768 380 9 283 1018 454 1017 989 570 257 938 208 897 202 276 716 797 1057 481 245 31 927 942 879 1075 1164 134 570 797 229 200 768 878 856 1192 582 13 516 470 797 362 828 1072 645 1075 588 835 740 196 920 1017 582 132 219 582 279 276 716 797 1057 481 245 768 878 97 23 889 306 583 140 740 758 583 307 633 23 1194 729 853 812 593 23 600 797 306 889 985 31 380 1184 125 422 516 1111 1165 1099 739 1165 1108 308 276 716 797 1057 481 8245 1017 954 1057 828 31 23 11 934 219
