# R1066
105 119 118 856 960 198 1018 250 225 1198 141 813 583 580 276 744 727 828 6 588 141 963 889 732 743 828 197 569 208 1169 775 1036 663 306 70 466 1080 402 582 1021 130 487 1018 583 226 740 582 414 1088 6 855 521 572 1038 140 936 895 208 333 487 583 495 537 797 1077 828 1088 382 1146 1018 387 138 673 583 676 140 841 234 572 208 583 900 482 856 187 22 16 138 187 685 856 876 445 926 197 583 976 177 380 284 1018 10 610 582 940 1152 725 22 442 262 583 952 966 960 197 380 901 835 1137 1032 358 1044 72 812 966 583 754 521 955 812 310 191 949 1164 580 134 758 380 720 1084 1116 954 225 588 533 250 310 191 832 239 663 380 639 193 380 773 885 983 52 129 72 835 828 729 1027 414 684 955 740 139 516 1159 487 411 226 835 172 208 187 1075 673 310 196 276 1104 533 487 179 354 169 276 1045 588 1179 13 569 323 196 197 828 583 580 130 1108 807 1019 276 255 1159 533 888 572 807 1019 929 309 1018 302 195 2 813 975 572 838 148 197 417 414 58 775 1127 380 9 951 227 720 252 583 1017 239 663 1018 758 380 720 1039 382 901 2 1142 885 779 1139 773 580 961 951 885 672 362 140 1135
# R1067
1114 306 193 1044 950 197 583 669 1139 382 841 172 1018 219 663 557 1068 1175 1087 187 308 601 250306 380 16 310 984 138 565 469 402 835 219 829 1148 992 380 188 13 119 867 470 195 6 588 580 50 450 673 1045 832 28 450 402 583 979 940 1121 380 132 800 967 1150 289 966 510 382 38 227 257 402 434 1039 138 555 134 967 314 461 946 382 1143 998 301 487 306 722 689 140 482 466 888 1159 938 878 668 382 874 314 856 219 423 197 360 134 766 951 946 394 31 829 841 13 1088 250 161 1018 483 414 510 402 874 1057 481 245 1044 61 435 1917 1054 310 899 758 1018 879 685 911 740 582 414 13 1159 399 637 588 308 1017 141 556 483 365 10 140 302 86 1199 399 454 1058 435 800 431 289 172 1078 49 599 725 841 628 835 294 1159 1088 1017 141 556 435 800 941 992 10 140 1144 414 1199 553 792 800 90 858 898 637 371 588 250 140 1144 1018 411 807 1078 310 800 1144 399 942 314 537 380 950 19 1028 414 57 1024 116 219 477 667 388 642 265 838 1044 137 67 1045 362 45 1173 709 959 1145 701 107 105 28 243 1186 922 1179 744 196 531 889 754 949 371 856 800 151 633 22 6 629 909 1017 310 197 569 138663 470 583 1114 856 1018 208 847 306 11 306 70 466 521 675 674 105 865 683 196 531 1103 1106 898 3101103 1050 72 1199 137 120 197 458 828 1044 1127 951 1127 257 1025 141 838 725 835 499 187 570 1021 194 966 878 1152 142 13 105 1088 6 743 572 1186 731 408 1159 812 219 208 855 142 1025 1139 31 468 382 248 6 580 172 1078 942 1190 380 1086 1199 134 766 140 1162 951 968 846 487 1045 422 433 966 219 517 888 572 949 576 959 898 109 942 651 1024 946 591 426 208 64 750 1017 487 6 855 13 23 630 732 990 197 516 739 1126 1028 420 1138 569 878 897 574 1025 1039 243 172 50 468 628 1144856 219 583 603 1018 134 208 943 245 705 54 1057 1138 828 31 488 208 1164 250 1036 663 13 119 1041 531 6 803771018 303 360 889 732 780 1159 1088 630 363 1162 197 360 583 685 250 72 1016 741 382 1069 876 1108 1039 889 402 634 139 140 1159 487119 835 795 820 219 744 630 243 842 744 494 274 402 1044 243 1174 382 413 197 963 1094 709 257 72 102 1016 628 482 66 1017 1084 951 224 72 635 1199 197 828 30 727 1044 336 1185380 805 219 520 521 389 402 454 954 1017 13 360 889 732 855 521 29 70 274 10 898 999 402 979 948 1027 454 714402 622 138 187 685 1057 1039 138 35 1017 813 583 445 72 516 258 227 408 402 800 588 807 1078 219 1133 307 835 409 72 888 23 569 495 371 696 18 322 1041 1045 91 340 959 314 50 310 340 1017 199 10 433 800 1114 289 633 70 274 417 1090 196 219 219 920 998 1127 973 1088 6 990 1041 531 571 572 134 239 1162 95 385 1018 208 855 142 429 109 942 651 13 1024 805 1018 573 516 327 402 196 380 1127 371 250 966 489 835 362 684 588 250 1127 197 941 77 435 398 310 1105 132 1044 1127 683 1119 402 1130 1192 1028 380 72 1151 1159 583 807 685 130 1078 419 1105 941 580 1046 1127 683 360 009 732 377 402 945 1164 250 1041 1024 531 888 740 758 503 1144 1175 660 660 360 1194 729 053 12 768 380 1057 724 194 516 631 402 1013 1179 13 977 65 470 600 140 310 197 243 960 194 1000 134 20 55 993 957 72 960 417 732 1017 282 1035 360 009 732 300 179 470 835 302 724 1139 1000 6 990 833 64 1164 250 827 783 196227 1104 562 963 569 780 06 633 000 966 1045 027 308134 192 179 629 909 1017 219 202 611 134 1068 141 813 71 582 640 195 127 966 583 171 9 1125 802 1179 417 716 140 588 187 521 1027 1039 219 073 517 1056 13 23 700 402 70 274 227 1013 1179 1006 65 1135 1114 438 888 494 272 990 1139 494 426 866 337 574 1045 055 240 310 234 31 1027 402 639 219 1028 618 401 13 360 1021 732 1044 193 056 099 616 119 243 1196 828 6 500 140 744 628 418 219 1127 517 187 1044 1127 683 938 866 1162 245 452 990 1045 907 099 417 54 579 663 107 521 979 360 1164250 1127 1126 227 429 1014 13 119 306 828 97 360 569 732 955 371 950 190 108 6 603 740 303 569 379 197 227137 1000 02 1044 927 6078 676 911 583 974 904 927 849 13 300 515 835 64 986 856 435 966 1152 142 531 310 219 794 140 1017 1159 1199 838 385 878 851 171 72 828 852 141 141 137 293 336 24 208 293 330 70 937 740 1045 055 234 197 927 219 676 911 1028 90 140 013 1039 402 503 979 399 627 261 942 521 727 911 1045 054 1138 923 1044 300 1017 1166 1175 1024 1119 470 1020 609 227 447 1179 1010 302 427 023 020 1139 1130 219 941 014 570 1096 1045 394 1018 427 324 13 119 105 402 795 95 521 192 1096 13 243 1106 835 19 240 450 310 1197 732 1017 725 583 13 1000 138 842 950 904 758 1018 1194 856 1024 419 429 31 033 637 172 314 175 1127 683 911 1065 380 416 1172 1018 1016 765 13 119 360 1194 227 926 946 84 276 631 452 1028 319 1044 245 631 1136 333 572 752 197 973 051 16 219 1045 1127 462 758 402 849 1021 835 314 107 767 393 1075 432 1135 13 963 766 782 565 489 179 402 483 1045 1018 833 724 1191 59 1017 289 1044 102 1127 1119 954 141 521 250 310 1044 878 689 1185 435 611 13 115 23 685 1073 1018 1053 1045 329 310 219 1165 852 193 562 1127 134 1069 858 140 955 943 583 38 402 1105 685 1159 289 13 963 1094 868 257 1045 1017 949 6 141 481 1078 800 419 966 1045 851 800 284 1135 402 583 432 1127 849 309 878 365 10 140 340 302 382 1028 878 179 13 23 1094 763 194 1106 1017 74 737 134 117 955943 705 942 856 187 1039 360 766 197 395 888 432 1127 807 842 946 628 228 588 208 13 516 452 955 179 1024 9 283196 219 827 955 250 645 1162 1032 429 195 187 966 1090 54 1017 856 187 402 6 797 1058 190 466 69 489 1127 1134 402 442 1179 105 63 807 943 1115 676 314 1174 302 11 257 1039 494 986 417 1150 729 1018 193 158 44 1045 1013 835 562 1127 633 583 695 868 737 789 227 1138 303 105 878 951 1127 967 386 902 402 488 838 1028 54 467 308 633 360 208 891 1172 878 946 72 1199 137 709 685 580 841 812 1039 516 618 197 768 878 469 219 382 1127 517 187 64 1136 140 134 23 966 955 190 485 1017 141 373 574 963 10 140 197 1000 293 402 951 842 389 1053 187 310 865 383 1018 163 31 382 294 344 955 1045 329 234 489 993 1090 72 360 163 194 516 1024 955 179 564 800 199 192 1096 190 219 79 187 454 93 1044 993 208 769 487 478 803 1138 399 627 261 966 878 951 10 1108 1138 807 416 998 13 1041 938 807 948 1115 219 98 197 1105 637 172 1040 175 179 1137 54 579 663 360 134 995 943 197 927 580 732 200 878 590 227 631 925 855 899 6 797 1058 190 466
# R1068
28 105 119 1199 402 943 1127 664 1024 192 1096 1045 937 219 1043 402 292 569 10 63 806 197 727 828 633 1088 838 1136 992 1108 72 196 219 911 417 1165 1017 599 745 847 951 239 196 982 402 1017 245 77 487 367 828 984 889 1024 955 855 521 107 13 119
# R1069
865 1028 875 1018 569 609 487 583 941 460 187 227 1045 1146 197 196 219 583 10 1028 878 6 327 219 584 842 37 949 853 912 187 276 645 1146 1138 196 196 1018 10 417 588 1181 423 633 963 1094 868 330 257 382 848 196 219 10 1028 5881181 423 402 327 402 196 219 913 1165 960 1178 141 1044 6 452 1016 1146 828 6 588 141 13 569 684 1144 196 197 196 219 382 10 878 766 10 148 140 986 729 1078 1017 245 696 358 310 360 8578 887 888 196 1018 913 1165 960 1178 141 878 986 1028 250 6 743 631 377 219 196 219 583 10 417 628 402 196 219 583 314 577 784 1044 889 402 743 572 1124 611 489 179 631 470 1045 970 219 316 138 673 888 836 689 140 197 310 1024 191 828 224 134 250 842 948 54 1017 856 13 573 572 835 30 360 766 572 293 1024 955 1011 1028 605 402 377 487 219 196 1018 583 10 417 878 138 196 1138 10 1083 10 314 341 252 402 1068 943 10 1108 257 966 197 835 54 579 464 138 232 1088 975 1127 847 663 1199 1145 402 10 1001 13 105 938 138 432 310 1001 402 521 141 581 998 197 645 551 294 695 208 380 237 1007 1116 729 460 172 140 134 395 579 367 381 138 289 380 64 432 10305 1008 310 380 284 1135 138 828 551 1068 1109 548 701 72 1045 219 833 53 1075 638 137 1045 91 1044 402 645 340 619 709 1004 450 835 562 1127 310 1044 835 849 878 688 760 1014 13 1152 167 289 727 219 569 432 1179 227 835 377 487 402 196 219 827 955 250 310 219 889 985 197 1159 1041 380 64 432 310 1008 1028 1122 435 1016 432 891 141 137 943 2 1148 1018 1199 239 1162 402 887 1179 197 878 704 800 432 1135 1057 725 807 193 240 1016 728 1151 768 828 729 583 1018 210 1078 521 551 310 219 1068 187 1044 853 1108 885 320 1134 923 1044 873 284 792 310 248 1162 139 140 1159 574 402 1105 1003 681 10 1096 1084 107 119
# R1054
938 134 743 948 1115 1028 523 521 373 1014 219 303 380 1045 766 1175 194 225 137 1045 101 966 847 135 1145 4 1045 123 768 380 355 1018 1057 1017 1088 838 120 197 750 1135 851 8631 416 487 416 577 899 514 1184 1138 706 822 1150 1127 768 878 979 938 1143 583 171 380 224 469 435 565 402 690 835 760 1014 878 1117 813 219 583 578 105 227 6 900 792 197 1068 274 307 187 306 380 139 868 289 1017 1185 302 1084 800 226 820 668 316 1179 645 1031 308 1018 689 1199 838 402 887 1179 31 828 30 195 53 523 1044 1028 716 208 134 257 13 1159 1024 556 1000 135 1165 898 138 847 943 239 1045 123 768 380 355 1138 1057 1017 1088 208 425 572 239 1162 1084 792 140 557 1024 284 521 1027 1018 245 452 992 151 899 878 1136 338 371 1045 505 1018 758 828 31 380 419 940 64 725 402 22 310 835 565 590 645 413 219 399 306 193 572 134 248 940 749 245 1152 1133 850 899 399 207 72 360 792 382 521 1017 856 1018 1016 316 888 1088 208 752 197 1000 219 685 1175 807 66 1017 1028 878 835 179 447 435 194 22 306 583 148 1101 194 1000 163 895 402 382 853 874 878 219 399 627 26 807 136 189 402 196 8786 185 885 1058 1084 219 576 75 800 698 866 583 662 1138 10 333 7140 973 587 888 194 800 698 1138 685 1112 779 1175 513 1159 389 824 382 853 874 628 344 187 628 368 1186 1075 732 134 306 380 851 831 1138 1028 414 310 307 306 382 26 521 945 864 138 885 335 1139 402 800 421 1044 986 250 792 939 197 399 627 261 134 1150 705 54 172 1173 792 389 824 834 219 382 10 1108 1150 1127 1138 399 671 119 1045 1131 172 197 1018 913 314 856 245 479 1018 1046 926 1138 454 1018 197 306 628
# R1070
134 878 239 685 992 1067 402 885 421 900 225 856 1084 306 1068 941 252 888 662 800 984 1084 306 583 154 1112 828 729 360 134 1159 779 943 1045 1085 138 569 1112 847 306 193 310 1159 616 1164 1150 30 360 163 1126 895 354 1132 210 142 380 151 1018 22 310 380 70 780 992 138 1016 1168 1045 19 22 450 1117 876 979 360 172 50 786 1018 889 64 341 684 949 611 1088 889 838 1084 792 140 557 310 1024 284 1138 196 878 515 1068 986 417 250 219 689 1185 992 583 611 663 1199 583 580 828 1138 22 72 616 134 208 239 1162 943 974 105 938 743 1025 197 1068 274 745 1111 1145 1024 1184 219 294 179 472 487 955 141 1142 902 835 58 668 487 521 1027 1068 954 1017 996 1017 1166 1179 685 663 308 583 906 1018 1127 764 1096 1135 1184 604 1024 310 179 511 574 878 1117 813 40 1138 583 578 670 820 13 360 134 766 943 197 1000 873 337 888 1024 729 194 1000 878 58 1150 1127 360 1194 1164 775 31 1122 194 1159 1000 316 1045 123 768 380 355 1018 1057 1017 966 9 805 30 889 316 955 1024 556 645 123 1018 6 579 1341041 1045 302 208 219 215 1024 663 458 1078 310 739 1030 130 580 481 1108 775 800 414 119 399 851 831 1127 208 435 308 380 1130 898 1173 380 946 318 900 470 899 1028 321 750 853 678 227 852 852 210 219 310 1018 907 470 950 306 1105 355 888 380 1109 891 141 793 792 1175 611 197 973 950 227 852 210 219 125 1083 1179 743 1024 414 72 204 310 874 1057 481 245 64 986 1057 940 227 1045 1140 194 1028 414 849 1162 740 380 455 637 310 417 409 1138 946 219 667 388 477 460 187 833 306 831 119 867 483 669 942 483 224 294 940 1164 50 899 878 1117 813 1138 583 578 888 878 945864 580 835 752 951 831 712 208 105 1028 1093 227 352 210 219 134 950 955 136 1138 503 1024 774 1018 583 171 1159 1068 274
# R1074
118 28 90 858 898 219 583 1146 219 196 1022 588 1179 521 1080 110 477 872 398 642 674 119 1 05 29 899 828 197 516 631 942 140 985 227 1045 226 1044 595 1127 847 835 41 4 966 645 406 660 435 219 675 27 865 676 314 1174 1 1159 1088 1112 631 366 482 588 663 308 1186 741 310 1159 1199 198 1024 1134 842 385 1018 683 487 1045 1161 1144 942 487 528 1117 195 455 583 13 938 138 432 402 828 1072 758 380 145 19 7 360 968 887 487 310 938 6 1122 1138 1114 306 193 572 141 1024 1134 943 842 1 27 974 1138 628 684 1016 568 429 583 64 75 6 1078 888 984 250 1186 1159 389 832 521 898 493 179 631 101 3 800 160 1159 389 138 639 1084 572 842 868 187 685 172 812 197 1 01 6 728 134 306 685 435 402 382 19 9 521 691 162 828 1044 138 749 383 402 583 98 1165 140 13 828 1054 1199 1116 856 1115 800 805 966 835 557 314 799 1028 401 310 1159 927 835 631 911 1 1 1 2 685 187 1199 134 588 1175 71 927 227 406 660 1 41 1057 1025 771 27 138 771 942 771 31 0 219 725 966 388 758 1024 946 13 138 1028 187 282 885 394 194 198 1138 685 200 1104 884 225 1057 1024 455 1021 308 1138 833 284 72 219 583 717 227 357 1179 1179 380 455 358 308 1150 310 219 520 1075 998 835 86 878 317 354 1117 813 966 380 1164 856 570 1173 225 137 1045 747 340 219 1148 729 856 1044 780 1045 64 394 32 1045 306 849 199 521 455 31 0 101 8 1028 146 1117 380 1109 1044 179 239 931 1013 1150 31 0 360 766 489 635 639 197 1000 1144 172 193 1075 196 1028 35 77 569 310 727 72 516 88 89 140 1135 151 310 380 70 13 119 105 107 1 0 927 818 200 21 9 812 227 1024 729 8 481 938 685 1175 219 208 985 989 545 856 10 1 8 871 667 1046 380 842 1164 856 138 795 1096 1138 967 1172 827 859 381 13 878 1191 6 482 599 807 514 137 54 579 663 21 9 975 945 1138 86 31 0 137 851 227 257 966 1127 754 835 414 13 865 483 1072 21 9 766 489 138 842 1136 992 1108 1138 483 132 1042 219 382 306 193 1138 1105 164 13 360 163 197 1 91 138 239 685 1117 878 1017 228 308 219 45 482 446 628 140 367 1195 13 938 219 570 1162 847 483 88 1024 1102 310 1096 876 580 745 1044 1068 1117 1105 355 483 1045 1 068 885 1084 460 200 888 1199 239 1162 945 1090 712 660 219 435 31 0 1117 813 470 1138 718 487 219 583 777 1024 638 13 360 684 955 140 1159 8697 805 227 1090 607 898 800 1111 1174 1144 521 1191 6 482 633 1111 276 310 21 9 793 38 105 119
