# R1052
23 134 94 208 896 307 992 219 569 847 306 787 276 645 1130 898 192 570 276 1044 797 838 1017 853 580 521 257 276 645 183 521 1021 64 576 722 588 1021 849 306 645 91 472 79 1077 362 716 797 1857 481 245 1044 835 896 820 202 196 787 629 6 797 629 954 31 878 551 633 1088 842 835 954 516 134 580 631 948 842 432 306 380 414 888 572 631 1152 996 362 234 627 252 447 1044 1124 330 984 895 1131 210 1057 739 283 219 22 878 781 219 828 727 23 10 570 7 32 885 1018 517 1159 1135 316 940 842 67 210 760 593 835 828 729 23 134 1152 89 516 943 645 868 1077 362 780 992 31 1016 868 835 1127 30 835 248 208 769 583 888 938 885 61 760 13
# R1053
1088 838 54 479 663 922 1179 257 645 937 219 196 1018 472 1017 580 224 219 583 171 362 1130 1192 582 380 306 878 979 828 224 749 329 219 583 6 992 50 219 582 821 521 1027 949 967 1127 1021 219 642 477 91 1016 98 362 276 362 920 992 276 1111 583 992 20 493 483 171 1068 11 760 208 780 992 1159 23 878 1124 23 380 732 1122 31 929 593 943 219 208 690 8 35 1184 219 909 588 986 1179 739 224 219 583 171 583 6 99 50 229 1016 821 593 219 958 992 835 565 590 362 299 22 362 399 1021 28 865 1 31 1159 878 937 31 546 1131 210 745 245 835 49 950 936 583 95 516 835 884 1126 306 787 899 878 113 245 576 593 31 1159 569 134 208 878 897 1087 943 938 968 949 576 1057 34 1016 98 580 842 989 853 134 739 521 851 414 966 1111 856 1017 992 925 1101 416 66 834 888 546 618 934 31 1164 580 835 1127 1134 583 521 576 954 13 5 1189 797 196 949 611 1088 835 640 31 23 192 1099 607 698 219 1114 295 219 758 828 31 22 1189 955 895 844 333 257 13 104 105 196 45 992 900 580 1044 245 362 950 645 1146 219 569 219 1017 74 737 797 838 55 257 101 219 975 831 684 797 999 257 593 468 380 93 8874 527 289 572 202 849 835 294 276 645 438 457 439 661 885 419 695208 986 50 992 1016 138 838 851 1088 996 202 483 253 966 306 1099 37 949 853 912 276 605 86 54 579 464 276 414 1044 745 631 679 1022 80 276 624 362 716 797 1057 481 245 219 583 306 757 219 582 414 966 847 362 306 1099 593 768 878 587 878 167 1087 219 1084 460 938 828 68 797 49 954 582 878 208 527 907 1179 888 1088 362 858 521 898 1068 695 835 414 593 745 950 992 829 219 416 582 1145 942 219 725 582 1145 1088 996 202 504 31 986 50 992 622 955 362 1046 196 45 992 900 2580 396 878 979 938 966 1134 1018 941 527 574 1096 583 67 219 828 31 865 582 875 219 569 897 992 13
# R1062
582 422 219 294 838 469 1021 938 745 996 161 1057 583 741 219 582 123 593 1159 380 1018 637 787 797 10 68 685 533 797 23 239 732 202 684 588 3 62 590 966 377 992 354 245 102 47 1057 828 1054 219 828 31 569 208 1164 797 1036 663 13 105 23 10 1099 662 31 878 858 949 79 134 1044 745 797 422 992 966 941 527 314 579 992 434 593 1159 1088 1127 945 583 1142 582 142 797 895 844 74 306 196 219 750 245 77 992 583 435 1 041 865 470 582 875 219 569 870 897 992 888 16 154 878 668 943 938 202 316 828 74 739 519 1165 527 1099 653 884 582 276 185 219 583 171 1044 582 202 1055 1021 29 1194 1122 219 828 841 593 225 838 645 619 32 1088 838 732 1127 219 1189 992 984 618 936 1071 992 805 580 820 616 946 336 583 171 103 1044 582 202 178 13 105 488 685 1175 219 208 985 572 1124 967 1159 588 663 308 31 16 739 1134 885 1182 219 582 414 593 31 1159 878 691 414 134 968 380 889 847 902 992 202 1166 306 583 807 1078 828 1127 1134 172 841 856 308 572 380 739 1134 13 105 23 766 31 768 583 1146 219 196 1018 472 787 1129 557 1088 838 743 31 828 50 2 527 994 878 813 838 928 959 580 878 585 245 202 716 1021 645 226 820 966 928 481 740 645 91 1044 835 58 725 580 889 743 572 842 918 827 760 31 787 1008 572 1075 936 739 661 219 16 572 601 936 1045 884 245 208 963 414 645 885 595 1021 768 828 455 583 593 572 996 631 1174 885 146 1016 91 202 749 202 828 226 820 885 609 219 10 517 31 569 683 1116 768 828 853 197 787 593 645 898 516 134992 1008 966 878 226 820 739 729 572 202 859 1111 1145 835 928 172 912 593 31 829 541 245 202 749 1088 202 447 31 1016 91 843 202 362 663 569 966 1116 1046 1159 389 824 583 93 276 1184 1016 91 838 878 565 942 1159 828 1068 265 454 797 1058 797 13 107 878 226 820 219 1148 938 695 208 10 580 1057 1017 836 1017 650 527 1016 1020 900 693 744 727 593 245 362 950 582 406 1164 868 856 521 729 50 787 521
# R1063
878 946 433 1044 1127 1134 31 582 1093 878 946 48 433 1044 1127 1134 31 582 711 739 1134 389 824 835 645 130 992 907 1068 431 768 645 219 833 765 380 946 1103 31 833 431 49 64 685 1042 134 435 216 864 308 219 758 72 1041 23 134 1194 607 898 219 1019 23 134 945 31 569 690 1069 380 996 470 645 350 219 828 1044 945 54 579 684 13 23 134 945 766 31 828 455 818 219 154 739 948 219 202 797 1071 992 593 123 992 380 882 1044 161 210 582 845 888 1159 616 842 64 5 90 696 729 1078 240 899 807 416 992 1127 1134 946 1084 792 516 834 310 23 134 945 582 90 432 689 13 107 29 1116 516 327 1025 202 196 219 472 787 398 582 1045 569 202 582 189 797 888 23 766 572 580 739 955 1019 202 927 1017 663 1145 31 219 2 1142 23 1194 763 31 58291 633 10168 927 377 580 838 638 747 31 878 632 276 570 626 996 938 580 362 948 837 835 210 521 377 992 219 889 768 828 455 13 105 380 1130 898 797 219 582 12 1018 1057 1017 1017 1164 580 134 435 685 663 308 1018 975 429 922 1179 739 192 1096 202 835 2 878 540 834 2 844 337 516 732 383 979 134 878 1127 955 94 1159 757 13 119 1041 196 488 202 583 1152 725 1042 219 10 764 219 1164 797 239 946 942 827 868 1046 380 224 966 399 780 992 362 573 1016 728 835 842 616 362 553 828 31 516 835 618 934 225838 202 985 219 582 1050 593 758 1050 838 645805 662 219 1017 591 1179 593 483 706 565 276 831 1021 831 857 380 970 1044 966 1118 927 1108 693 583 273 1043 202 645 101 835 517 219 573 380 1017 1056 306 380 741 979 945 161 1057 899 380 765219 583 703 593 899 758 899 582 321 750 853 1078 219 807 416 992 481 516 912 797 569 955 576 954 582 1145 828 31 865 470 582 875 219 569 835 985 888 1041 828 805 838 340 1018 1148 729 787 23 766 572 635 966 582 1013 992 219 832 736 787 740 1043 1131 210 142 31 583 1018 1148 729 289 1127 521 827 308 927 996 832 521 140 1127 47 1088 966 1134 54 579 684 582 1093
# R1064
380 1184 219 294 1127 1068 1127 853 1116 593 745 650 1127 992 422 992 878 674 219 828 727 966 116 487 582 728 219 582 123 516 618 31 828 1127 955 354 1188 966 923 1044 583 887 435 13 105 380 61 580 276 797 966 5821184 219 445 1018 1016 1015 134 1068 943 946 1103 31 923 219 582 1015 1164 828 276 1175 593 380 805 984 1127 316 276 1013 992 99 835 683 992 752 940 1159 938 1021 992 470 572 838 504 31 1016 65 31654 1017 856 955 758 1088 745 650 950 992 645 123 276 6451159 981 1021 208 899 58 172 1192 885 888 200 645 123 42 899 380 37 841 1135 593 645 1017 521 225 1078 885 284 899 380 61 580 276 797 540 202 265966 388 10168 838 362 1164 495 689 31 380 1184 134 803 516 1119 948 362 645 357 1021 955 1078 1044 61 527 878 1134 878 945 864 1017 676 582 856 1134 380 579 744 593 1018 272 900 856 1134 959 172 878 308 380 61 580 276 797 540 744 582 431 72 516 739 955516 582 875 219 569 754 949 582 219 1044 580 588 141 1044 362 676 996 202 1108 276 831 684 797 362 928 481 740 878 226 820 219 1148 938 593 633 196 219 472 787398 582 245 631 327 134 30 878 565 91 23 1194 112231 1159 1088 685 1175 835 294 1088 1127 955 54 1017 856 593 1159 616 54 579 663 13 134 1152 276 835764 263 813 583 925 888 1044103 1088 245 362 178 1016 835764 1014 308 134 245 362 943 853 742 1084 792 516 557 768 645 590 942 927 580 631 200 31 1160 276 762 276 1013 992 879 6 856 1165 787 797 865 1047 572 134 1127 1134 943 276 645 619 299 739 1072 219 22 219 1046 336 583 171 13 1016 823 828 838 219 756 930 31 1027 945 902 992 362 828 455 583 946 887 1021 1151 834 284 1127 1164 797 31 758 380 472 79 1077 797 219 563 323 1018294 593 1041 1016 954 50 838 878 948 219 395 1165 527 1159 1021 878 946 1021 219 202 611 985 202 196 8781 219 537 83 1099 878 31 196 219 907 797 954 580 729 460 172 516 134 768 1165 650 481 582 838 54 579 663 257 593 31 23 949 576 856 569 45 992 214 942 664 645 890 345 219 1135 63 13 107 29 108 13 582 147 245 362 743 1025 989 695 208 583 583435 1103 611 148 86 414 593 583 588 580 838 851 276 414 1088 996 362 532797 966 583 86 572 1127 838 1136 992 1108219 754 949 576 856 219 582 1184 1166 219 925 6 579 134 593 1018 797 868 787 874 521 576 1017 744 483 134 498 637 582 1057 134 219 879 45 1017 739 13 105 569 684 1116 196 768 56 600 521 495 576 576 056219 583 1184 1018 1016 728 760 878 590 565 219 582 422 1159 23 058 945 13 105 23 604 955 516 1025 502 147 516 401 955 516 828 31 569245 109 797 593 300 415 797 31 23 1164 500 09 146 740 009 004 1119 078 1074 219 6 9 466 13 119 1000 030 068 521 172 812 31 196 276 570 329 593 362 569 700 992 300 151 219 22 362 1016 1021 280 516 1131 210 276 797 099 202 1044 078 1017 282 645 055 219 196 1010 472 707 398 582 13 105 306 300 1174 725 1021 1116 71 865 622 362 37 197 579 992 196 099 925 1140 065 960 949 611 1088 042 640 219 900 725 1011 1179 070 77 134 986 945 650 03 907 992 1077 31 583445 521 1017 955 13 105 276 408 1016 023 020 500 125 948 645 116 593 580 125 31 027 308 202 134 1021 834 739 1134 236 842 078 432 994 219 583 1114 100 593 739 1134 530 033 239 739 027 308 942 1027 502 739 1134 1047 363 701 739611 219 1135 1072 942 768 502 570 380 1021 1165 516 912 308 101 1134 037 582 645 219 582 63 23 134 569 503 780 1126 020 1054 196 31 901 134 502 078 308 593 035 208 167 1077 362 950 1021 219 503 333 992 1159 583 294 1017 1159 797 056 362 502 123 593 1159 03 1127 032 521 098 611 942 219 503 172 516 1017 1159 034 725 1179 42 042 051 276 414 1000 996 362 265 031 572 631 679 1021 362 1068 1018 306 787 219 582 624 219 460 039 500 593 5172 035 679 936 037 966 1175 1056 30 740 009 020 583 949 77 030 078 565 1044 362 858 521 898 3801146 576 922 1165 192 576922 31 797 593 969 219 285 17 1017 579 72 1000 245 362 743 219 946 989 695 208 196 503 580 704 219 481 245 276 1025645 921 219 306 1099 521 675 771 1088 830 115731 300 265 729 460 172 516 134 797 633 1000 996 008 377 940 943 1127 257 676 257 582 90 858 898 219 454 1017 228 797 1050 005 943 1127 950 797 521 970 674 114 521 743 283 300 1191 1094 1127 576 381 521 954 579 470 729 460 172 516 134 521 807 685 1017 878 632 219 6 848 920 570 134 77 992 807 992276 748 308 1021 208 579 836 742992 228 83675 807 588 533 219 941 527 858 516 593 813 217 712 77 992 787 729 460 172 516 134 521 807 685 1017 583 495 537 588 878 219 920 992 1018 739 807 588 533 219 583 743 669 1111 582 820 362 853 579 797 593 219 583 362 920 31 878943 1127 950 1017 282 936 380 265 729 460 172 516 134 797 593 878 836 742 992 228 835 593 31 583 130 398856 134 377 31 885 265 9 13 107
# R1065
865 470 582 875 219 569 897 992 429 922 479 31 380 1184 219 294 1127 992 422 1118 878 674 1018 828 727 616 225 362 853 742 1159 433 31 243 202 527 245 835 78 593 865 842 835 347 922 1179 739 192 1096 744 531 1088 245 362 743 572 1127 966 1134 31 582 422 1017 432 787 60 884 225 588 663 308 362 828 590 134 1127 1126 948 1021 959 580 134 219 878 1046 135 1145 706 812 308 362 582 123 740 583 736 588 66 219 1018 583 1046 858 684 239 306 470 10 88 245 362 743 837 31 1159 886 873 337 936 828 134 1127 1134 943 354 1164 580 142 583 698 219 13 992 739 638 261 676 1099 516 13 797 979 838 582 523 219 954 580 144 838 650 527 257 835 838 851 828 6 588 580 966 401 828 31 196 219 272 725 582 878 889 362 189 1088 1127 955 768 667 947 872 283 362 6 1127 516 446 593 23 1194 120 572 401 955 611 758 828 10 889 838 1164 797 1036 787 885 23 69 569 495 576 696 1021 219 202 611 1017 1166 992 362 196 878 185 219 537 834 684 1188 1159 663 362 582 605 276 832 229 736 645 821 219 611 1165 868 805 807 435 573 380 301 31 828 455 966 1134 927 83 907 992 1127 1119 835 851 1017 580 248 208 1084 768 527 314 1084 557 593 768 1142 582 142 797 878 1116 886 1127 10 527 663 955 768 583 1142 582 142 797 294 1021 740 276 926 946 219 336 31 878 276 645 619 851 885 301 196 219 907 797 954 580 797 838 1136 992 1108 219 784 949 576 856 362 196 219 272 725 582 878 229 582 1193 593 565 219 583 906 219 1016 415 739 805 219 573 83 580 835 248 732 948 219 723 1127 853 1017 13 109 878 937 219 488 362 64 986 856 276 645 827 308 942 878 650 797 838 68 246 878 1158 675 667 219 828 727 53 593 573 31 878 874 911 1041 1088 54 579 663 772 984 134 945 943 951 239 257 306 380 650 797 276 838 593 219 909 992 276 838 593 31 833 680 797 134 479 435 943 276 54 579 684 362 842 210 1018 1088 245 327 955 306 1016 53 373 835 779 570 1021 516 329 1021 955 140 196 276 739 79 819 362 1148 1021 1108 835 565 590 31 516 739 955 516 582 875 219 569 847 306 787 885 98 219 134 10 1099 362 979 1072 13 107 591 1179 999 739 28383 219 23 527 134 23 889 732 1017 954 856 362 582 1021 282 219 582 123 828 856 362 582 1021 28 219 582 123 828 31 889 732 236 743 1088 268 752 134 943 1127 1021 1165 576 912 992 219 835 847 645 687 362 583 67 828 552 306 787 219 583 954 570 1017 834 572 362 219 1152 10 765 888 1041 758 380 196 31 1027 454 714 834 49 1164 580 779 943 583 98 276 645 421 1044 966 1134 844 556 362 583 809 31 569 362 663 64 725 1021 354 245 189 992 219 569 847 885 741 340 967 1159 588 663 899 380 230 1018 583 171 516 618 835 1124 481 464 1014 429 578 463 219 828 727 516 739 955 140 582 875 219 569 1017 512 898 966 1075 992 768 878 455 164 202 885 874 527 289 735 1018 966 134 968 50 725 693 31 306 885 900 685 1042 219 265 440 942 219 771 220 200 23 832 685 1073 31 583 1142 582 142 838 1159 1018 966 496 219 355 984 134 745 943 939 276 35 683 992 835 225 716 853 912 907 899 1068 1126 633 572 1127 1134 340 1193 219 847 1164 828 799 582 429 282 219 582 821 306 645 850 548 701 219 355 878 1108 1116 593 749 992 362 828 850 483 460 1021 833 219 225 716 853 912 380 946 878 1108 1116 330 828 850 966 1134 1127 950 992 740 685 2 841 856 521 941 856 219 748 663 593 899 878 971 663 835 414 593 31 569 966 1116 768 945 835 631 885 98 13 119 865 749 202 582 147 380 388 1165 527 1099 575 380 151 219 22 1016 91 838 851 828 6 5 580 966 112 7 754 362 722 582 676 1021 787 593 219 583 835 414 1088 245 1122 572 685 835 89 362 920 859 1018 1001 460 839 588 362 1148 1021 1108 1088 1127 239 685 955 521 1067 276 1095 992 879 421 593 219 749 993 452 429 922 1179 645 909 556 899 645 695 208 583 949 77 23 766 572 635 779 134 847 1133 966 1194 787 858 899 828 1044 578 1017 282 429 276 631 460 839 5 1151 829 841 966 1134 797 60 58 874 527 50 992 1159 1088 49 1164 909 898 31 583 949 77 362 896 853 742 593 1088 838 362 1164 495 689 31 460 839 580 362 946 276 645 38 13 105 582 86 276 613 202 466
# R1072
865 049 11 744 727 502 147 1000 6 743 572 949 576 459 090 904 070 1017 949 307 1134 1010 395 521 661 572 103 276 631 754 306 38 329 572 362 749 099 300 970 219 502414 556 079 773 768 300 265 060 1010 797 593 695 200 300 306 502 329 521 695 200 6 472 245 942 6 629 245 74 820 942 1069 74 020 521 1103 1008 50 940 1021 219 503 610 1020 611 005 1010 637 703 927 560 363 527 572 1116 056 1134 257 202 1045 521 729 707 306 203 999 202 020 31 569 245 470 797 1159 1004 749 219 90 151 1000 700 44 645 023 500 906 729 1070 219 300 1165 527 1099 202 020 432 994 1000 051 955 750 219 1194 0 966 502 414 276 942 1000 316 219 927 607 1010 502 1104 005 307 219 1057 1 893 219 689 219 1019 261 1010 502 1184 67 885 507 276 419 276 1102 597 276 1096 503 50 1018 885 355 101 857 580 521 1084 768 833 507 593 645 890 005 71 992 500 108 979 321 750 954 435 219 502 1104 44 219 502 615 414 1021 005 355 1044 996 1068 219 502 1104 1010 399 1103 219 502 1104 005 472 79 172 911 219 399 360 040 007 1070 005 970 000 265 64 432 1021 707 1000 219 301 1000 2 907 1021 196 954 500 593 285 637 502 500 021 1017 005 297 1044 797 996 004 1119 593 005 607 904 035 604 955 362 205 1165 527 6 1000 1122 572 333 955 758 828 1044 1127 116 955 212 32 760 8 729 79 134 707 1018292 219 750 300 970 316 797 739 224 219 758 1135 068 1160 1142 797 768 380 764 431 219 750 300 069 219 729 245 053 912 966 1016 1015593 005 30 31 38 414 940 035 06 1000 245 202 1122 572 199 93 005 1146 340 204 820 327 219 391 306 196 527 314 1111 502 035 414 593 31 1159 938 202 996 690 870 432 994 1000 1127 004 30 1103 276 035 1112 973 604 403 645 797 000 31 035 020 729 1000 635 779 889 1122 992 645 307 140 938 1044 070 725 707 035 1184 219 605 570 1021 035 06 942 1112 147 72 569 373 196 828 31 1016 91 316 020 572 780 030 548 362 8121159 225 830 1045 700 8 570 000 1159 1000 1017 245 696 787 1130 1071 1000 200425 904 134 966 1134 8 1013 992 502 624 984 009 749 955 51 1131 210 89 140 899 616 1048 151 740 712 053 500 450 1151 1159 569 362 024 1084 1135 661 1060 1017 959 2 202 292 134 797 225 739 1134 044 735 240 13 105 23 1194 363 527 740 196 722 911 140 31 23 809 70 1196 1010 517 675 207 1049 134 1004 966 645 71 992 500 1179 219 1068 30 927 604 992 200 828 572 004 955 202 502 362 11 13 107 29 110 107
# R1073
958 631 1017 853 580 521 878 1130 6 31 516 631 749 645 723 202 399 627 261 306 878 979 23 399 413 934 31 22 1017 282 1134 645 123 768 380 355 219 1057 1017 219 5831711041 645 776 202 583 809 828 1130 898 362 842 1018 794 898 768 878 827 308 888 865 1047 895 202 1016 762 1046 878 531 23 889 732 413 31 1027 134 949 576 787 936 593 580 631 395 888 949 576 856 1127 208 1145 885 728 219 399 627 26 888 31 306 1068 1104 884 225 1078 966 834 22 380 684 1134 740 599 527 399 797 1071 992 768 885 789 1103 633 58 171 895939 380 1194 787 289 593 633 834 895887 992 31 380 558 516 994 4 797 792 868 1193 23 889 732 1017 954 856 828 3 23 889 631 743 583 885 495 797 1088 996 202 483 590 593 740 878 565 1106 516276 1151 1088 245 362 855 521 23 1194 662 31 1016 357 1021 95 1078 1069 533 562 955 611 885 974 593 23 766 248 208 308 31 1159 380 171 134 945 650 582 479 992 1088 1127 1119 521 827 868 735 1103 96699681 1164 828 799 645 413 362 925 764 202 930 219 1043 593 202 930 219 292 306 583 979 583 171 5 955 5 774 942 834 838 219 1116 1057 507 308 09 593 1088 134 797 161 202 219 758 616 31 684 79 878 675 521 5727 64 1136 868 31 582 31 77 722 580 1127 516 1041 569 878 684 1116 134 83 907 787 943 885 98 219 292 1103 284 820 1088 635 89 1046 1159 616 134 2 943 806 13
# R1075
865960 820 6 500 500 645 171 740 870 979 243 470 645 006 1142 096 239 172 1070 099 502 123 1020 889 035 631 1016 454 1050 502 062 1193 593 565 070 768 013 549 739 720 431 1000 245 202 924 31 1159 938 503 849 936 020 500 042 31 1017 503 500 663 308 202 020 904 631 362 939 521945 1127 1119 513 13 569 684 1116 768 070 139 47 707 966 078 516 470 134 645 509 735 12 966 572 139 1099 1021 739 041 557 219 047 992 1075 407 502 1021 954 1021 715 79 500 626 768 070 03 1017 739 13 105 23 1094 860 257 503 048 219 503 1146 31 322 707 992 930 500 245 362 327 10 130 390 7073 056 842 712 432 208 504 308 392 979 362 1053 6 1146 870 495 576 064 308 134 582 842 943 13 946 079 164 622 435 362 683 992 521 726 768 582 629 992 579 812 37 1070 521 237 219 020 727 946 23 766 095 047 530 914 1175 572 752 31 1016 90 1021 43 012 1022 10 797 1179 572 752 31 1016 90 470 219 949 033 13 107 23 1127 1126 340 54 50 219 502 068 1193 521 907 31 20 569 702 452 1159 23 500 631 470 362 569 847 306 707 330 219 503 421 1044 745 1127 247 202 292 10
# R1076
1108 936 219 758 60 705 588 663 308 1088 807 833 1127 219 828 827 308 583 219 135 1179 593 202 337 878 832 676 996 1044 739 1134 842 219 771 551 276 1084 941 992 856 354 583 590 954 856 1044 835 202 725 265 826 276 1184 276 1111 1145 23 134 945 569 1018 954 868 142 582 369 942 1088 940 842 257 219 828 832 676 996 927 49 1164 929 797 835 600 572 838 54 579 663 593 938 1127 1165 663 801 257 521 1127 764 984 684 1116 236 949 611 23 622 202 1194 570 102 724 607 23 569 1017 954 856 740 67 31 23 399 745 6 1001 593 380 1188 31 569 362 663 611 202 527 49 64 527 684 9991 362 1166 131 107 23 205 202 766 31 582 821 308 885 278 551 739 955 383 354 123 768 380 355 219 105 1017 593 927 878 10 527 874 911 768 945 219 283 47 583 774 202 1016 1021 282 745 631 842 432 1021 429 922 1179 835 1142 582 142 797 13 105 1016 357 1021 955 1078 645 706 774 1021 239 362 967 527 797 1127 1021 740 276 926 946 219 685 2 841 856 31 582 938 469 362 1046 31 380 414 1116 954 225 856 1119 583 807 685 130 1078 294 1021 202 154 1018 583 64 856 225 1078 979 739 955 593 572 838 731 513 276 1084 941 992 1057 1103 308 758 380 832 676 1099 1044 739 1119 362 858 684 239 583 6 580 50 13 119 768 380 9 283 1018 454 1017 989 570 257 938 208 897 202 276 716 797 1057 481 245 31 927 942 879 1075 1164 134 570 797 229 200 768 878 856 1192 582 13 516 470 797 362 828 1072 645 1075 588 835 740 196 920 1017 582 132 219 582 279 276 716 797 1057 481 245 768 878 97 23 889 306 583 140 740 758 583 307 633 23 1194 729 853 812 593 23 600 797 306 889 985 31 380 1184 125 422 516 1111 1165 1099 739 1165 1108 308 276 716 797 1057 481 8245 1017 954 1057 828 31 23 11 934 219
# R1066
105 119 118 856 960 198 1018 250 225 1198 141 813 583 580 276 744 727 828 6 588 141 963 889 732 743 828 197 569 208 1169 775 1036 663 306 70 466 1080 402 582 1021 130 487 1018 583 226 740 582 414 1088 6 855 521 572 1038 140 936 895 208 333 487 583 495 537 797 1077 828 1088 382 1146 1018 387 138 673 583 676 140 841 234 572 208 583 900 482 856 187 22 16 138 187 685 856 876 445 926 197 583 976 177 380 284 1018 10 610 582 940 1152 725 22 442 262 583 952 966 960 197 380 901 835 1137 1032 358 1044 72 812 966 583 754 521 955 812 310 191 949 1164 580 134 758 380 720 1084 1116 954 225 588 533 250 310 191 832 239 663 380 639 193 380 773 885 983 52 129 72 835 828 729 1027 414 684 955 740 139 516 1159 487 411 226 835 172 208 187 1075 673 310 196 276 1104 533 487 179 354 169 276 1045 588 1179 13 569 323 196 197 828 583 580 130 1108 807 1019 276 255 1159 533 888 572 807 1019 929 309 1018 302 195 2 813 975 572 838 148 197 417 414 58 775 1127 380 9 951 227 720 252 583 1017 239 663 1018 758 380 720 1039 382 901 2 1142 885 779 1139 773 580 961 951 885 672 362 140 1135
# R1067
1114 306 193 1044 950 197 583 669 1139 382 841 172 1018 219 663 557 1068 1175 1087 187 308 601 250306 380 16 310 984 138 565 469 402 835 219 829 1148 992 380 188 13 119 867 470 195 6 588 580 50 450 673 1045 832 28 450 402 583 979 940 1121 380 132 800 967 1150 289 966 510 382 38 227 257 402 434 1039 138 555 134 967 314 461 946 382 1143 998 301 487 306 722 689 140 482 466 888 1159 938 878 668 382 874 314 856 219 423 197 360 134 766 951 946 394 31 829 841 13 1088 250 161 1018 483 414 510 402 874 1057 481 245 1044 61 435 1917 1054 310 899 758 1018 879 685 911 740 582 414 13 1159 399 637 588 308 1017 141 556 483 365 10 140 302 86 1199 399 454 1058 435 800 431 289 172 1078 49 599 725 841 628 835 294 1159 1088 1017 141 556 435 800 941 992 10 140 1144 414 1199 553 792 800 90 858 898 637 371 588 250 140 1144 1018 411 807 1078 310 800 1144 399 942 314 537 380 950 19 1028 414 57 1024 116 219 477 667 388 642 265 838 1044 137 67 1045 362 45 1173 709 959 1145 701 107 105 28 243 1186 922 1179 744 196 531 889 754 949 371 856 800 151 633 22 6 629 909 1017 310 197 569 138663 470 583 1114 856 1018 208 847 306 11 306 70 466 521 675 674 105 865 683 196 531 1103 1106 898 3101103 1050 72 1199 137 120 197 458 828 1044 1127 951 1127 257 1025 141 838 725 835 499 187 570 1021 194 966 878 1152 142 13 105 1088 6 743 572 1186 731 408 1159 812 219 208 855 142 1025 1139 31 468 382 248 6 580 172 1078 942 1190 380 1086 1199 134 766 140 1162 951 968 846 487 1045 422 433 966 219 517 888 572 949 576 959 898 109 942 651 1024 946 591 426 208 64 750 1017 487 6 855 13 23 630 732 990 197 516 739 1126 1028 420 1138 569 878 897 574 1025 1039 243 172 50 468 628 1144856 219 583 603 1018 134 208 943 245 705 54 1057 1138 828 31 488 208 1164 250 1036 663 13 119 1041 531 6 803771018 303 360 889 732 780 1159 1088 630 363 1162 197 360 583 685 250 72 1016 741 382 1069 876 1108 1039 889 402 634 139 140 1159 487119 835 795 820 219 744 630 243 842 744 494 274 402 1044 243 1174 382 413 197 963 1094 709 257 72 102 1016 628 482 66 1017 1084 951 224 72 635 1199 197 828 30 727 1044 336 1185380 805 219 520 521 389 402 454 954 1017 13 360 889 732 855 521 29 70 274 10 898 999 402 979 948 1027 454 714402 622 138 187 685 1057 1039 138 35 1017 813 583 445 72 516 258 227 408 402 800 588 807 1078 219 1133 307 835 409 72 888 23 569 495 371 696 18 322 1041 1045 91 340 959 314 50 310 340 1017 199 10 433 800 1114 289 633 70 274 417 1090 196 219 219 920 998 1127 973 1088 6 990 1041 531 571 572 134 239 1162 95 385 1018 208 855 142 429 109 942 651 13 1024 805 1018 573 516 327 402 196 380 1127 371 250 966 489 835 362 684 588 250 1127 197 941 77 435 398 310 1105 132 1044 1127 683 1119 402 1130 1192 1028 380 72 1151 1159 583 807 685 130 1078 419 1105 941 580 1046 1127 683 360 009 732 377 402 945 1164 250 1041 1024 531 888 740 758 503 1144 1175 660 660 360 1194 729 053 12 768 380 1057 724 194 516 631 402 1013 1179 13 977 65 470 600 140 310 197 243 960 194 1000 134 20 55 993 957 72 960 417 732 1017 282 1035 360 009 732 300 179 470 835 302 724 1139 1000 6 990 833 64 1164 250 827 783 196227 1104 562 963 569 780 06 633 000 966 1045 027 308134 192 179 629 909 1017 219 202 611 134 1068 141 813 71 582 640 195 127 966 583 171 9 1125 802 1179 417 716 140 588 187 521 1027 1039 219 073 517 1056 13 23 700 402 70 274 227 1013 1179 1006 65 1135 1114 438 888 494 272 990 1139 494 426 866 337 574 1045 055 240 310 234 31 1027 402 639 219 1028 618 401 13 360 1021 732 1044 193 056 099 616 119 243 1196 828 6 500 140 744 628 418 219 1127 517 187 1044 1127 683 938 866 1162 245 452 990 1045 907 099 417 54 579 663 107 521 979 360 1164250 1127 1126 227 429 1014 13 119 306 828 97 360 569 732 955 371 950 190 108 6 603 740 303 569 379 197 227137 1000 02 1044 927 6078 676 911 583 974 904 927 849 13 300 515 835 64 986 856 435 966 1152 142 531 310 219 794 140 1017 1159 1199 838 385 878 851 171 72 828 852 141 141 137 293 336 24 208 293 330 70 937 740 1045 055 234 197 927 219 676 911 1028 90 140 013 1039 402 503 979 399 627 261 942 521 727 911 1045 054 1138 923 1044 300 1017 1166 1175 1024 1119 470 1020 609 227 447 1179 1010 302 427 023 020 1139 1130 219 941 014 570 1096 1045 394 1018 427 324 13 119 105 402 795 95 521 192 1096 13 243 1106 835 19 240 450 310 1197 732 1017 725 583 13 1000 138 842 950 904 758 1018 1194 856 1024 419 429 31 033 637 172 314 175 1127 683 911 1065 380 416 1172 1018 1016 765 13 119 360 1194 227 926 946 84 276 631 452 1028 319 1044 245 631 1136 333 572 752 197 973 051 16 219 1045 1127 462 758 402 849 1021 835 314 107 767 393 1075 432 1135 13 963 766 782 565 489 179 402 483 1045 1018 833 724 1191 59 1017 289 1044 102 1127 1119 954 141 521 250 310 1044 878 689 1185 435 611 13 115 23 685 1073 1018 1053 1045 329 310 219 1165 852 193 562 1127 134 1069 858 140 955 943 583 38 402 1105 685 1159 289 13 963 1094 868 257 1045 1017 949 6 141 481 1078 800 419 966 1045 851 800 284 1135 402 583 432 1127 849 309 878 365 10 140 340 302 382 1028 878 179 13 23 1094 763 194 1106 1017 74 737 134 117 955943 705 942 856 187 1039 360 766 197 395 888 432 1127 807 842 946 628 228 588 208 13 516 452 955 179 1024 9 283196 219 827 955 250 645 1162 1032 429 195 187 966 1090 54 1017 856 187 402 6 797 1058 190 466 69 489 1127 1134 402 442 1179 105 63 807 943 1115 676 314 1174 302 11 257 1039 494 986 417 1150 729 1018 193 158 44 1045 1013 835 562 1127 633 583 695 868 737 789 227 1138 303 105 878 951 1127 967 386 902 402 488 838 1028 54 467 308 633 360 208 891 1172 878 946 72 1199 137 709 685 580 841 812 1039 516 618 197 768 878 469 219 382 1127 517 187 64 1136 140 134 23 966 955 190 485 1017 141 373 574 963 10 140 197 1000 293 402 951 842 389 1053 187 310 865 383 1018 163 31 382 294 344 955 1045 329 234 489 993 1090 72 360 163 194 516 1024 955 179 564 800 199 192 1096 190 219 79 187 454 93 1044 993 208 769 487 478 803 1138 399 627 261 966 878 951 10 1108 1138 807 416 998 13 1041 938 807 948 1115 219 98 197 1105 637 172 1040 175 179 1137 54 579 663 360 134 995 943 197 927 580 732 200 878 590 227 631 925 855 899 6 797 1058 190 466
# R1068
28 105 119 1199 402 943 1127 664 1024 192 1096 1045 937 219 1043 402 292 569 10 63 806 197 727 828 633 1088 838 1136 992 1108 72 196 219 911 417 1165 1017 599 745 847 951 239 196 982 402 1017 245 77 487 367 828 984 889 1024 955 855 521 107 13 119
# R1069
865 1028 875 1018 569 609 487 583 941 460 187 227 1045 1146 197 196 219 583 10 1028 878 6 327 219 584 842 37 949 853 912 187 276 645 1146 1138 196 196 1018 10 417 588 1181 423 633 963 1094 868 330 257 382 848 196 219 10 1028 5881181 423 402 327 402 196 219 913 1165 960 1178 141 1044 6 452 1016 1146 828 6 588 141 13 569 684 1144 196 197 196 219 382 10 878 766 10 148 140 986 729 1078 1017 245 696 358 310 360 8578 887 888 196 1018 913 1165 960 1178 141 878 986 1028 250 6 743 631 377 219 196 219 583 10 417 628 402 196 219 583 314 577 784 1044 889 402 743 572 1124 611 489 179 631 470 1045 970 219 316 138 673 888 836 689 140 197 310 1024 191 828 224 134 250 842 948 54 1017 856 13 573 572 835 30 360 766 572 293 1024 955 1011 1028 605 402 377 487 219 196 1018 583 10 417 878 138 196 1138 10 1083 10 314 341 252 402 1068 943 10 1108 257 966 197 835 54 579 464 138 232 1088 975 1127 847 663 1199 1145 402 10 1001 13 105 938 138 432 310 1001 402 521 141 581 998 197 645 551 294 695 208 380 237 1007 1116 729 460 172 140 134 395 579 367 381 138 289 380 64 432 10305 1008 310 380 284 1135 138 828 551 1068 1109 548 701 72 1045 219 833 53 1075 638 137 1045 91 1044 402 645 340 619 709 1004 450 835 562 1127 310 1044 835 849 878 688 760 1014 13 1152 167 289 727 219 569 432 1179 227 835 377 487 402 196 219 827 955 250 310 219 889 985 197 1159 1041 380 64 432 310 1008 1028 1122 435 1016 432 891 141 137 943 2 1148 1018 1199 239 1162 402 887 1179 197 878 704 800 432 1135 1057 725 807 193 240 1016 728 1151 768 828 729 583 1018 210 1078 521 551 310 219 1068 187 1044 853 1108 885 320 1134 923 1044 873 284 792 310 248 1162 139 140 1159 574 402 1105 1003 681 10 1096 1084 107 119
# R1054
938 134 743 948 1115 1028 523 521 373 1014 219 303 380 1045 766 1175 194 225 137 1045 101 966 847 135 1145 4 1045 123 768 380 355 1018 1057 1017 1088 838 120 197 750 1135 851 8631 416 487 416 577 899 514 1184 1138 706 822 1150 1127 768 878 979 938 1143 583 171 380 224 469 435 565 402 690 835 760 1014 878 1117 813 219 583 578 105 227 6 900 792 197 1068 274 307 187 306 380 139 868 289 1017 1185 302 1084 800 226 820 668 316 1179 645 1031 308 1018 689 1199 838 402 887 1179 31 828 30 195 53 523 1044 1028 716 208 134 257 13 1159 1024 556 1000 135 1165 898 138 847 943 239 1045 123 768 380 355 1138 1057 1017 1088 208 425 572 239 1162 1084 792 140 557 1024 284 521 1027 1018 245 452 992 151 899 878 1136 338 371 1045 505 1018 758 828 31 380 419 940 64 725 402 22 310 835 565 590 645 413 219 399 306 193 572 134 248 940 749 245 1152 1133 850 899 399 207 72 360 792 382 521 1017 856 1018 1016 316 888 1088 208 752 197 1000 219 685 1175 807 66 1017 1028 878 835 179 447 435 194 22 306 583 148 1101 194 1000 163 895 402 382 853 874 878 219 399 627 26 807 136 189 402 196 8786 185 885 1058 1084 219 576 75 800 698 866 583 662 1138 10 333 7140 973 587 888 194 800 698 1138 685 1112 779 1175 513 1159 389 824 382 853 874 628 344 187 628 368 1186 1075 732 134 306 380 851 831 1138 1028 414 310 307 306 382 26 521 945 864 138 885 335 1139 402 800 421 1044 986 250 792 939 197 399 627 261 134 1150 705 54 172 1173 792 389 824 834 219 382 10 1108 1150 1127 1138 399 671 119 1045 1131 172 197 1018 913 314 856 245 479 1018 1046 926 1138 454 1018 197 306 628
# R1070
134 878 239 685 992 1067 402 885 421 900 225 856 1084 306 1068 941 252 888 662 800 984 1084 306 583 154 1112 828 729 360 134 1159 779 943 1045 1085 138 569 1112 847 306 193 310 1159 616 1164 1150 30 360 163 1126 895 354 1132 210 142 380 151 1018 22 310 380 70 780 992 138 1016 1168 1045 19 22 450 1117 876 979 360 172 50 786 1018 889 64 341 684 949 611 1088 889 838 1084 792 140 557 310 1024 284 1138 196 878 515 1068 986 417 250 219 689 1185 992 583 611 663 1199 583 580 828 1138 22 72 616 134 208 239 1162 943 974 105 938 743 1025 197 1068 274 745 1111 1145 1024 1184 219 294 179 472 487 955 141 1142 902 835 58 668 487 521 1027 1068 954 1017 996 1017 1166 1179 685 663 308 583 906 1018 1127 764 1096 1135 1184 604 1024 310 179 511 574 878 1117 813 40 1138 583 578 670 820 13 360 134 766 943 197 1000 873 337 888 1024 729 194 1000 878 58 1150 1127 360 1194 1164 775 31 1122 194 1159 1000 316 1045 123 768 380 355 1018 1057 1017 966 9 805 30 889 316 955 1024 556 645 123 1018 6 579 1341041 1045 302 208 219 215 1024 663 458 1078 310 739 1030 130 580 481 1108 775 800 414 119 399 851 831 1127 208 435 308 380 1130 898 1173 380 946 318 900 470 899 1028 321 750 853 678 227 852 852 210 219 310 1018 907 470 950 306 1105 355 888 380 1109 891 141 793 792 1175 611 197 973 950 227 852 210 219 125 1083 1179 743 1024 414 72 204 310 874 1057 481 245 64 986 1057 940 227 1045 1140 194 1028 414 849 1162 740 380 455 637 310 417 409 1138 946 219 667 388 477 460 187 833 306 831 119 867 483 669 942 483 224 294 940 1164 50 899 878 1117 813 1138 583 578 888 878 945864 580 835 752 951 831 712 208 105 1028 1093 227 352 210 219 134 950 955 136 1138 503 1024 774 1018 583 171 1159 1068 274
# R1074
118 28 90 858 898 219 583 1146 219 196 1022 588 1179 521 1080 110 477 872 398 642 674 119 1 05 29 899 828 197 516 631 942 140 985 227 1045 226 1044 595 1127 847 835 41 4 966 645 406 660 435 219 675 27 865 676 314 1174 1 1159 1088 1112 631 366 482 588 663 308 1186 741 310 1159 1199 198 1024 1134 842 385 1018 683 487 1045 1161 1144 942 487 528 1117 195 455 583 13 938 138 432 402 828 1072 758 380 145 19 7 360 968 887 487 310 938 6 1122 1138 1114 306 193 572 141 1024 1134 943 842 1 27 974 1138 628 684 1016 568 429 583 64 75 6 1078 888 984 250 1186 1159 389 832 521 898 493 179 631 101 3 800 160 1159 389 138 639 1084 572 842 868 187 685 172 812 197 1 01 6 728 134 306 685 435 402 382 19 9 521 691 162 828 1044 138 749 383 402 583 98 1165 140 13 828 1054 1199 1116 856 1115 800 805 966 835 557 314 799 1028 401 310 1159 927 835 631 911 1 1 1 2 685 187 1199 134 588 1175 71 927 227 406 660 1 41 1057 1025 771 27 138 771 942 771 31 0 219 725 966 388 758 1024 946 13 138 1028 187 282 885 394 194 198 1138 685 200 1104 884 225 1057 1024 455 1021 308 1138 833 284 72 219 583 717 227 357 1179 1179 380 455 358 308 1150 310 219 520 1075 998 835 86 878 317 354 1117 813 966 380 1164 856 570 1173 225 137 1045 747 340 219 1148 729 856 1044 780 1045 64 394 32 1045 306 849 199 521 455 31 0 101 8 1028 146 1117 380 1109 1044 179 239 931 1013 1150 31 0 360 766 489 635 639 197 1000 1144 172 193 1075 196 1028 35 77 569 310 727 72 516 88 89 140 1135 151 310 380 70 13 119 105 107 1 0 927 818 200 21 9 812 227 1024 729 8 481 938 685 1175 219 208 985 989 545 856 10 1 8 871 667 1046 380 842 1164 856 138 795 1096 1138 967 1172 827 859 381 13 878 1191 6 482 599 807 514 137 54 579 663 21 9 975 945 1138 86 31 0 137 851 227 257 966 1127 754 835 414 13 865 483 1072 21 9 766 489 138 842 1136 992 1108 1138 483 132 1042 219 382 306 193 1138 1105 164 13 360 163 197 1 91 138 239 685 1117 878 1017 228 308 219 45 482 446 628 140 367 1195 13 938 219 570 1162 847 483 88 1024 1102 310 1096 876 580 745 1044 1068 1117 1105 355 483 1045 1 068 885 1084 460 200 888 1199 239 1162 945 1090 712 660 219 435 31 0 1117 813 470 1138 718 487 219 583 777 1024 638 13 360 684 955 140 1159 8697 805 227 1090 607 898 800 1111 1174 1144 521 1191 6 482 633 1111 276 310 21 9 793 38 105 119
