//////////////////////////////////////////////////////////////////////////////////////////////////////////////////////////////////////////////////////////////////////////////////////////////////////////////

This file contains: 
	- The, up to 50, most common words (if there are any) and their counts/frequencies
	- Index of coincidence/probable language
	- Number of total characters and number of distinct characters
	- 1-gram counts and top 10 frequencies
	- 2-gram counts and top 10 frequencies
	- 3-gram counts and top 10 frequencies
	- 4-gram counts and top 10 frequencies

//////////////////////////////////////////////////////////////////////////////////////////////////////////////////////////////////////////////////////////////////////////////////////////////////////////////

Total Number Of Characters = 189
Number of Distinct Characters = 46

Index of Coincidence = 0.039739
The ciphertext's 1-gram frequency distribution is too flat to be a simple substitution or transposition cipher

No Words in Ciphertext

top ten 1-grams with frequencies:
77 - (8.994709%)
16 - (7.936508%)
17 - (6.878307%)
14 - (6.878307%)
66 - (5.291005%)
04 - (5.291005%)
03 - (5.291005%)
61 - (4.761905%)
38 - (4.761905%)
06 - (3.703704%)

1-gram Counts:
77 17
16 15
17 13
14 13
66 10
04 10
03 10
61 9
38 9
06 7
15 6
58 5
53 5
05 5
73 4
46 4
74 3
71 3
40 3
35 3
22 3
2 3
18 3
88 2
65 2
41 2
9485 1
9441 1
9356 1
9336 1
86 1
81 1
76 1
75 1
67 1
60 1
6 1
55 1
50 1
47 1
45 1
43 1
222 1
1 1
08 1
01 1


top ten 2-grams with frequencies:
77 03 - (1.587302%)
17 66 - (1.587302%)
17 38 - (1.587302%)
14 77 - (1.587302%)
05 14 - (1.587302%)
03 04 - (1.587302%)
74 77 - (1.058201%)
73 77 - (1.058201%)
66 71 - (1.058201%)
66 03 - (1.058201%)

2-gram Counts:
77 03 3
17 66 3
17 38 3
14 77 3
05 14 3
03 04 3
74 77 2
73 77 2
66 71 2
66 03 2
61 15 2
58 16 2
38 77 2
18 04 2
17 74 2
16 14 2
16 06 2
16 05 2
15 35 2
15 16 2
14 17 2
14 16 2
06 14 2
04 66 2
04 53 2
04 15 2
04 14 2
03 61 2
03 16 2
9485 53 1
9441 43 1
9356 77 1
9336 9485 1
88 61 1
88 17 1
86 88 1
81 40 1
77 74 1
77 73 1
77 65 1
77 53 1
77 46 1
77 41 1
77 222 1
77 22 1
77 2 1
77 18 1
77 17 1
77 15 1
77 14 1
77 05 1
76 38 1
75 16 1
74 04 1
73 2 1
73 16 1
71 65 1
71 61 1
71 38 1
67 14 1
66 77 1
66 75 1
66 47 1
66 46 1
66 22 1
66 17 1
65 9356 1
65 18 1
61 81 1
61 66 1
61 45 1
61 38 1
61 35 1
61 14 1
60 16 1
6 1 1
58 61 1
58 14 1
58 06 1
55 77 1
53 9336 1
53 58 1
53 38 1
53 06 1
53 03 1
50 61 1
47 66 1
46 61 1
46 17 1
46 16 1
46 06 1
45 9441 1
43 03 1
41 22 1
41 04 1
40 46 1
40 18 1
40 17 1
38 60 1
38 58 1
38 53 1
38 2 1
38 17 1
38 16 1
38 05 1
35 58 1
35 17 1
35 06 1
222 15 1
22 73 1
22 17 1
22 05 1
2 73 1
2 67 1
2 03 1
18 77 1
17 77 1
17 16 1
17 06 1
17 04 1
17 03 1
16 86 1
16 76 1
16 73 1
16 71 1
16 66 1
16 58 1
16 50 1
16 38 1
16 17 1
15 77 1
15 04 1
14 66 1
14 6 1
14 46 1
14 41 1
14 40 1
14 08 1
1 58 1
08 77 1
06 77 1
06 66 1
06 61 1
06 40 1
06 17 1
05 61 1
05 04 1
04 88 1
04 55 1
03 38 1
03 17 1
03 03 1
01 16 1


top ten 3-grams with frequencies:
17 74 77 - (1.058201%)
17 66 71 - (1.058201%)
16 05 14 - (1.058201%)
9485 53 03 - (0.529101%)
9441 43 03 - (0.529101%)
9356 77 46 - (0.529101%)
9336 9485 53 - (0.529101%)
88 17 74 - (0.529101%)
86 88 17 - (0.529101%)
81 40 17 - (0.529101%)

3-gram Counts:
17 74 77 2
17 66 71 2
16 05 14 2
9485 53 03 1
9441 43 03 1
9356 77 46 1
9336 9485 53 1
88 17 74 1
86 88 17 1
81 40 17 1
77 74 04 1
77 73 2 1
77 65 9356 1
77 53 9336 1
77 46 06 1
77 41 04 1
77 222 15 1
77 22 05 1
77 2 03 1
77 18 04 1
77 17 38 1
77 15 35 1
77 14 16 1
77 05 14 1
77 03 38 1
77 03 16 1
77 03 03 1
76 38 58 1
75 16 58 1
74 77 05 1
74 77 03 1
74 04 55 1
73 77 41 1
73 77 14 1
73 2 73 1
73 16 14 1
71 65 18 1
71 61 14 1
71 38 2 1
67 14 77 1
66 77 17 1
66 75 16 1
66 71 65 1
66 71 38 1
66 47 66 1
66 46 16 1
66 22 73 1
66 17 77 1
66 03 17 1
66 03 04 1
65 9356 77 1
65 18 04 1
61 81 40 1
61 66 47 1
61 45 9441 1
61 38 17 1
61 35 17 1
61 15 16 1
61 15 04 1
61 14 46 1
60 16 71 1
6 1 58 1
58 61 15 1
58 16 38 1
58 16 14 1
58 14 17 1
58 06 14 1
55 77 18 1
53 9336 9485 1
53 58 61 1
53 38 77 1
53 06 17 1
53 03 16 1
50 61 38 1
47 66 03 1
46 61 81 1
46 17 66 1
46 16 17 1
46 06 66 1
45 9441 43 1
43 03 04 1
41 22 17 1
41 04 53 1
40 46 61 1
40 18 77 1
40 17 66 1
38 77 53 1
38 77 22 1
38 60 16 1
38 58 14 1
38 53 38 1
38 2 67 1
38 17 03 1
38 16 05 1
38 05 61 1
35 58 16 1
35 17 16 1
35 06 40 1
222 15 77 1
22 73 16 1
22 17 38 1
22 05 04 1
2 73 77 1
2 67 14 1
2 03 61 1
18 77 15 1
18 04 88 1
18 04 15 1
17 77 74 1
17 66 22 1
17 38 60 1
17 38 16 1
17 38 05 1
17 16 76 1
17 06 77 1
17 04 14 1
17 03 61 1
16 86 88 1
16 76 38 1
16 73 77 1
16 71 61 1
16 66 17 1
16 58 16 1
16 50 61 1
16 38 77 1
16 17 38 1
16 14 41 1
16 14 08 1
16 06 61 1
16 06 14 1
15 77 73 1
15 35 58 1
15 35 06 1
15 16 73 1
15 16 66 1
15 04 66 1
14 77 222 1
14 77 2 1
14 77 03 1
14 66 77 1
14 6 1 1
14 46 17 1
14 41 22 1
14 40 18 1
14 17 74 1
14 17 06 1
14 16 50 1
14 16 06 1
14 08 77 1
1 58 06 1
08 77 03 1
06 77 65 1
06 66 75 1
06 61 15 1
06 40 46 1
06 17 66 1
06 14 77 1
06 14 66 1
05 61 66 1
05 14 77 1
05 14 6 1
05 14 16 1
05 04 14 1
04 88 61 1
04 66 46 1
04 66 03 1
04 55 77 1
04 53 58 1
04 53 06 1
04 15 35 1
04 15 16 1
04 14 40 1
04 14 17 1
03 61 45 1
03 61 35 1
03 38 53 1
03 17 04 1
03 16 86 1
03 16 06 1
03 04 66 1
03 04 53 1
03 04 15 1
03 03 04 1
01 16 05 1


top ten 4-grams with frequencies:
9485 53 03 16 - (0.529101%)
9441 43 03 04 - (0.529101%)
9356 77 46 06 - (0.529101%)
9336 9485 53 03 - (0.529101%)
88 17 74 77 - (0.529101%)
86 88 17 74 - (0.529101%)
81 40 17 66 - (0.529101%)
77 74 04 55 - (0.529101%)
77 73 2 73 - (0.529101%)
77 65 9356 77 - (0.529101%)

4-gram Counts:
9485 53 03 16 1
9441 43 03 04 1
9356 77 46 06 1
9336 9485 53 03 1
88 17 74 77 1
86 88 17 74 1
81 40 17 66 1
77 74 04 55 1
77 73 2 73 1
77 65 9356 77 1
77 53 9336 9485 1
77 46 06 66 1
77 41 04 53 1
77 222 15 77 1
77 22 05 04 1
77 2 03 61 1
77 18 04 15 1
77 17 38 16 1
77 15 35 58 1
77 14 16 06 1
77 05 14 16 1
77 03 38 53 1
77 03 16 86 1
77 03 03 04 1
76 38 58 14 1
75 16 58 16 1
74 77 05 14 1
74 77 03 03 1
74 04 55 77 1
73 77 41 04 1
73 77 14 16 1
73 2 73 77 1
73 16 14 08 1
71 65 18 04 1
71 61 14 46 1
71 38 2 67 1
67 14 77 03 1
66 77 17 38 1
66 75 16 58 1
66 71 65 18 1
66 71 38 2 1
66 47 66 03 1
66 46 16 17 1
66 22 73 16 1
66 17 77 74 1
66 03 17 04 1
66 03 04 15 1
65 9356 77 46 1
65 18 04 88 1
61 81 40 17 1
61 66 47 66 1
61 45 9441 43 1
61 38 17 03 1
61 35 17 16 1
61 15 16 66 1
61 15 04 66 1
61 14 46 17 1
60 16 71 61 1
6 1 58 06 1
58 61 15 16 1
58 16 38 77 1
58 16 14 41 1
58 14 17 06 1
58 06 14 77 1
55 77 18 04 1
53 9336 9485 53 1
53 58 61 15 1
53 38 77 22 1
53 06 17 66 1
53 03 16 06 1
50 61 38 17 1
47 66 03 04 1
46 61 81 40 1
46 17 66 71 1
46 16 17 38 1
46 06 66 75 1
45 9441 43 03 1
43 03 04 53 1
41 22 17 38 1
41 04 53 58 1
40 46 61 81 1
40 18 77 15 1
40 17 66 22 1
38 77 53 9336 1
38 77 22 05 1
38 60 16 71 1
38 58 14 17 1
38 53 38 77 1
38 2 67 14 1
38 17 03 61 1
38 16 05 14 1
38 05 61 66 1
35 58 16 38 1
35 17 16 76 1
35 06 40 46 1
222 15 77 73 1
22 73 16 14 1
22 17 38 05 1
22 05 04 14 1
2 73 77 41 1
2 67 14 77 1
2 03 61 45 1
18 77 15 35 1
18 04 88 61 1
18 04 15 35 1
17 77 74 04 1
17 74 77 05 1
17 74 77 03 1
17 66 71 65 1
17 66 71 38 1
17 66 22 73 1
17 38 60 16 1
17 38 16 05 1
17 38 05 61 1
17 16 76 38 1
17 06 77 65 1
17 04 14 17 1
17 03 61 35 1
16 86 88 17 1
16 76 38 58 1
16 73 77 14 1
16 71 61 14 1
16 66 17 77 1
16 58 16 14 1
16 50 61 38 1
16 38 77 53 1
16 17 38 60 1
16 14 41 22 1
16 14 08 77 1
16 06 61 15 1
16 06 14 66 1
16 05 14 77 1
16 05 14 6 1
15 77 73 2 1
15 35 58 16 1
15 35 06 40 1
15 16 73 77 1
15 16 66 17 1
15 04 66 03 1
14 77 222 15 1
14 77 2 03 1
14 77 03 38 1
14 66 77 17 1
14 6 1 58 1
14 46 17 66 1
14 41 22 17 1
14 40 18 77 1
14 17 74 77 1
14 17 06 77 1
14 16 50 61 1
14 16 06 61 1
14 08 77 03 1
1 58 06 14 1
08 77 03 16 1
06 77 65 9356 1
06 66 75 16 1
06 61 15 04 1
06 40 46 61 1
06 17 66 71 1
06 14 77 2 1
06 14 66 77 1
05 61 66 47 1
05 14 77 222 1
05 14 6 1 1
05 14 16 50 1
05 04 14 40 1
04 66 46 16 1
04 66 03 17 1
04 55 77 18 1
04 53 58 61 1
04 53 06 17 1
04 15 35 06 1
04 15 16 73 1
04 14 40 18 1
04 14 17 74 1
03 61 45 9441 1
03 61 35 17 1
03 38 53 38 1
03 17 04 14 1
03 16 86 88 1
03 16 06 14 1
03 04 66 46 1
03 04 53 06 1
03 04 15 16 1
03 03 04 66 1
01 16 05 14 1


