#CIPHERTEXT
#CATALOGUE NAME: NAH_G15_CAPS_D_FASC_80_110
#IMAGE NAME: 4415.png–4416.png
#TRANSCRIBER NAME: MA
#DATE OF TRANSCRIPTION: June 23, 2020
#TRANSCRIPTION TIME: 1 hours+20 minutes = 1 hour 20 minutes 
#TRANSCRIPTION METHOD: Manual
#COMMENTS: 


#IMAGE NAME: 4415.png
2 2 9  4 7  1 5 4  1 0 1  1 5 4  3 0 0  3 2  5 2  1 2 5  7 9  1 2 5   2 8 3  1 0  0 7 9  2 8 2 
3 9  5 5  1 0 9  2 8 3  2 6 4  1 3 5  1 3 5  1 1 4  1 2 3  1 1 9  5 4  1 0 9  8 3  2 3 1  1 9 9  5 1  2 5 2 
7 9  3 0  2 1 9  2 5 7  7 9  1 1 1  2 5 2  1 9 1  1 5 3  2 6  8 0  2 6 4   2 6 3  8 0  2 2 5  1 4 4 
3 1  1 5 9  2 7 4  2 1 1  5 1  1 1 5  1 1 1  4 2  1 3 1  2 7 4  1 2 9  9 2  2 2 9  2 7 3  4 0  1 1 1
3 2  1 4  3 0 2  3 0 9  2 5 2  1 9 1  1 5 3  2 6  8 0  1 2 1  1 0 0  1 0 3  7 5  3 0 1  1 0 1  2 5 2 
2 0  4 4  3 0 2  7 9  2 2 9  4 9  1 0 0  4 1  2 4 5  1 8 9  4 4  1 2 9  2 6 3  8 9  1 5 6  2 8 8 
7 1  2 8 3  1 0 0  1 8 9  2 2 9  4 4  3 9  2 1 9   3 0 0  1 1 1  4 2  1 3 1  2 7 4  1 2 9  3 0 4 
2 2  2 1 9  1 4 3  1 2 9  1 4 6  6 0  2 5 5   8 2  1 8 3  1 8 9  1 2 5  3 0 1  2 8 2  3 9  1 7 9 
3 1 7  1 0 1  5 1  4 0  1 1  7 1  2 8 1  1 2 2  1 9 9  1 5 5  5 1  3 1 6  4 1  2 8 2  3 9  2 2 9
2 6 7  4 4  1 2 9  2 5 2  1 9 1  1 5 3  2 6  8 0  2 6 4  1 3 3  1 1 9  3 0 2  2 7 4  7 5  1 1 9
6 0  5 1  6 4  2 6 3  2 8 9  1 0 1  2 8 3  1 0 0  1 8 9  2 8 2  3 9  1 1 1  2 9 1  8 2  6 0  1 2 7
5 4  1 0 9  3 6  7 9  1 0 0  2 2   1 0 9  8 3  2 5 9  8 1  2 6 4  2 4 5  3 9  1 4 4  2 5 2  3 0 0 
1 9 3  1 0 0  2 2 1  4 5  1 8 2  2 5 2  1 5 6  2 4 5  3 9  1 4 9  1 0 1  2 9 8  2 7 4  1 2 5 
1 1 9  2 6 2  7 9  5 4  1 2 9  1 0 0  4 2  7 5  1 2 3  2 6 4  1 4 3  4 9  6 3  1 0 1  1 5 3 
6 0  5 3  1 0 2  5 2  2 2 1  2 2 3  1 5 9  2 2 9  2 8 3  1 0 0  7 9  2 8 2  3 9  1 0 2  7 5 
? ? 3  2 6 4  5 4  1 0 9  1 0 3  2 5 2  1 1 9  1 9 3  1 8 9  1 3 3  8 9  2 0 1  7 9   1 2 5  1 0 9
1 1 1  1 5 4  1 0 1  1 5 4  1 5 5  1 1 9  2 7 4   2 7 3  1 0 0  1 1 9  2 6 2  7 9  6 4  2 6 1 
1 8 1  2 4 5  1 9 3  2 8 3  7 9  2 9 3  1 0 0  2 2 1  7 9  1 1 5  2 5 2  2 0  1 4 4  1 1 5
1 9 3  1 0 0  1 4 1  5 6  4 9  1 0 0  4 2  1 7 3  1 1 9  1 6 5  1 2 9  2 7 3  4 0  1 0 3  7 5 
3 0 1  2 0 4  1 0 0  3 6  1 0 9  2 0 9  5 2  5 1  1 1 9  3 0 3  8 1  1 0 2  7 9  2 0 4  6 4 
1 5 9  4 8  5 2  1 3 5  7 9  1 5 3  7 5  1 0 0  3 0 0  3 2  5 2  1 2 5  7 9  1 2 5  7 0  3 9 
1 9 3  1 4 5  1 0 9  1 3 3  3 9  3 2  3 0 3  8 2  2 0 5  6 1  2 2 9  4 7  1 0 0  4 1  1 4 5 
2 4 5  2 0 9  2 6 4  1 0 3  1 1 1  3 2  2 7 3  3 0 0  1 7 9  2 8 2  3 9  1 0 2  7 9  2 2 9 
1 2 7  1 5 6  2 9 1  1 7 9  2 0  5 2  2 2 9   5 4  1 0 9  9 2  3 2  2 0 3  3 0 4  1 4 2  8 9 
2 1 1  7 9  4 5  1 4 3  1 7 1  1 1 9  2 2 9  7 7  5 4  1 0 9  3 6  7 9  5 4  1 2 9  1  0 0  4 2 
2 5 2  2 0  4 4  2 5 2  3 0 4  4 2  1 2 3  2 6 4  1 7 3  2 5 5  7 9  1 3 3  6 0  5 4  1 2 9 
2 2 9  1 1 7  1 9 9  1 4 9  6 1  4 4  1 2 9  1 0 3  2 7 3  1 5 9  9 3  1 1 5  8 0   3 2  1 0 3 
1 8 3  1 1 9  2 4 1  7 0  1 2 5  1 1 1  1 5 4  1 0 1  1 5 4  1 1 1  1 4 4  2 6 4  1 3 5  1 1 1  1 0 2
2 2 9  2 7 3  4 0  2 2 1 3 3  1 1 9  3 1  1 5 9  2 7 4  2 1 1  5 1  3 1 6  2 2 9  2 1 9 
2 5 7  3 0 9  2 8 3  2 5 5  1 1 9  2 7 3  1 5 9  9 3  1 1 5  1 1 1  1 5 4  1 0 1  1 5 4  4 4 
1 2 9  2 2 9  1 1 9  4 5  1 5 9  4 4  3 0 1  1 1  7 5  2 3 3  1 2 5  2 5 2  1 9 1  1 5 3  6 0 
6 4  1 3 3  1 1 9  3 0 2  2 4 5  1 9 3  2 7 3  4 0  1 2 2  2 0 3 2 7 3  4 0  5 1  1 9 3  
2 2 4  1 4 5  1 2 9  1 9 9  1 4 4  6 5  2 0 1  2 6 4  1 3 5  1 1 4  2 6 4  2 4 5 
2 2 3  1 2 9  2 0 3  6 9  5 2  4 1  8 1  1 1 5  1 0 9  4 4  2 1 2  1 8 9  4  4


#IMAGE NAME: 4416.png
#COMMENTS: There are some texts written in opposite direction of the page.
1 2 9  6 5  9 2  5 5  1 5 9  1 9 2  1 1 9  7 2  1 2 5  5 5  2 7 4  2 1  6 4  1 5 5 
1 8 9  6 9  7 1  1 1 1  7 9  2 5 2  2 9 3  8 0  7 9  7 2  7 0  1 0 9  1 9 4  1 1 9  2 2 9 
1 2 2  2 2 9  8 7  8 2  5 7  5 4  1 0 9  5 5  1 9 9  1 9 5  1 9 1  1 1 9  2 4 5  1 0 0 
2 2 9  5 4   2 7 3  1 2 5  1 7 9  9 2 1  2 9 1  8 2  6 0  5 2  3 2  1 5 1  2 8 4  7 9 
3 0  2 1 9  7 7  1 7 4  4 1  1 5 3  8 9  1 1 5  1 9 3  1 0 9  2 7 3  1 5 9  5 4  1 0 9  1 0 3
1 4 3  2 4 5  1 0 0  7 9  2 6 4  1 9 9  7 9  5 1  6 4  4 4  2 1 2  1 8 9  1 9 1 
1 1 9
<CLEARTEXT HU Mivel ez Tirok miltoz ujhie>
<CLEARTEXT HU Ngei tirkfan taxtani jma>
<CLEARTEXT HU ga decitralm ezin Framia>
<CLEARTEXT HU Colloqnimmor alazarson amln>
<CLEARTEXT HU dalvm Ngdnak.>