#CIPHERTEXT
#CATALOGUE NAME: BAV_Barb.lat_6960-21
#IMAGE NAME: 4307.png-4316.png
#TRANSCRIBER NAME: MA
#DATE OF TRANSCRIPTION: March 3, 2020
#TRANSCRIPTION TIME: 1.15 + 1 + 1.10 + 1 + 1 + 0.50 + 0.55 +0.50 + 0.45 + 0.15 = 9 hours  
#TRANSCRIPTION METHOD: Manual


#IMAGE NAME: 4307.png
#COMMENTS:
<CLEARTEXT HU  D__y__p__l__i__c__a__t__a__>
<CLEARTEXT HU  Detrojagoj  Fejedelem>
<CLEARTEXT HU  Kegyelmes  Vrunk >




<CLEARTEXT HU  Vadsagod M: Leveleir fub daro zo sbris iz obris Fodoran>
<CLEARTEXT HU curier alial zr robris, alazaros engedelmefseggel vettuh öröm = > 
<CLEARTEXT HU mel is errutüh^0, Ngod Campániájának fzerenoses folyáf^‘r,  kit hogy>  
<CLEARTEXT HU Inö  fzent fölsege  ez Vj eslenelöben is Ngod Melrolagos hemel =>   
<CLEARTEXT HU lyevel, egyia meg algyon s minder fzomoru climauerausi Válrozás->
<CLEARTEXT HU rul olralm azzon álázorofzán kivárnyuk, It valob an hirdette a Nemet >
<CLEARTEXT HU Inrer runcsius, hogy az el mult Campánian Ve^‘glieppen el to^‘ro^’lterik> 
<CLEARTEXT HU A magyat nemzer, de In gondolra azz jobra fordittani, Fol rudván>  
<CLEARTEXT HU Mi azt, hogy mindeneliben Ngod, egyenelsen edes nemzeru^“nk igye->
<CLEARTEXT HU Neti  boldogulására, igyeliezik azon vegre is cormányoz minden modá>
<CLEARTEXT HU Lirásokat > 1 1 1  7 2  7 9  4 1  8 1  1 4 3  2 0 3  3 9  5 2  2 2 0  6 0  2 1 9  1 4 5  1 0 2  5 2  2 5 5 
1 5 9  5 4  1 2 9  4 4  2 1 2  1 8 9  2 7 3  1 1 9  1 4 5  4 5  2 8 9  1 6 4  4 1  8 1  1 0 1  3 0  2 1 9  
4 1 6 1 6 1  1 1 9  1 7 9  2 0  1 7 3  3 6  1 8 6  2 7 4  1 0 0  2 0 1  1 1 9  1 2 5  1 3 5  3 0 1  2 2 9  
2 8 3  1 0 0  7 9  2 2 9  1 6 5  2 0 0  7 0  3 0  5 2  1 0 2  5 7  7 5 7  3 0 0  5 1  1 9 3  2 2 4  7 9
1 2 1  1 0 0  1 0 3  5 4  1 8 3  1 9  2 2 0  1 3 5  2 0  1 1 5  4 3  1 1 1  2 3  5 5  1 5 9  1 9 2  1 1 9 
2 4 5  2 2 3  5 2  1 9 2  2 0 1  3 0 2  2 7 3  8 0  5 5  1 5 9  2 0 3  2 5 5  3 0 4  1 7 3  1 2 5 
2 0 3  8 0  5 5  2 4 2  3 2 1  7 1  2 0 4  1 1 9  5 4  3 0 3  2 1 1  8 0  1 9 9  6 2  1 1 5  2 2 3 
2 3 1  1 9  2 8 3  1 0 0  7 9  1 3 3  1 1 9  4 0  5 2  1 0 2  6 3  3 1 6  5 2  2 2 1  1 1 9  2 1 2  1 2 
4 4  3 0 1  1 4 2  4 0  6 4  2 5 2  5 4  1 0 9  2 6 3  2 2 2  1 9  1 0 1  1 4 5  2 4 5  2 0 9 -
2 6 4  1 0 3  4 4  2 1 2  1 8 9  2 7 3  1 1 9  1 5 9  1 6 4  2 1 1  8 0  2 2 4  6 5  1 3 5  9 9  3 0 0 
2 2 9  2 1 9  1 3 9  7 1  4 0  7 0  1 2 9  2 2 9  4 7  1 5 4  1 0 1  1 5 4  2 8 2  6 0  3 2  2 7 3 
1 0 0  1 7 5  1 9  4 4  2 1 2  1 8 9  2 7 3  2 1 2  3 0 8  1 9 4  2 6 4  1 0 0  1 9 9  7 5  1 9 3 
7 9  3 0  2 2 9  2 0  7 2  5 2  3 0 9  1 1 1  2 5 2  2 5 9  1 4 2  1 8 2  1 9 1  8 0  9 3  7 1  
7 0  8 3   6 5  8 4  1 0 1  3 0 0  1 7 4  1 2 5  7 9  1 7 5  1 9  2 7 3  1 5 9  2 0 3  1  0 0  1 8 9 
  
#IMAGE NAME: 4308.png


2 4 5  1 0 0  2 8 2  3 9  2 6 3  3 0 7  6 4  1 0 0  1 9 9  5 5  3 0 4  2 6 2  7 9  2 6 4  1 7 9  3 9  2 6 1 
5 5  1 0 9  2 8 3  1 0 3  2 5 2  3 0 4  4 2  2 8 2  3 9  2 7 3  1 5 9  8 3 1 9 3  3 0 0  2 2 9  2 1 9  
2 4 6  4 4  1 2 9  2 2 9  2 5 7  2 7 3  1 5 9  5 2  1 9 2  2 1 1  2 2 0  2 5 2  1 8 9  1 4 2  1 8 2 
1 9 1  8 0  7 9  7 3  2 0 4  7 9  2 6 4  4 0  1 4 4  2 0 4  1 0 0  6 0  7 9  1 1 1  1 4 4  2 0  2 0 6  5 5 
1 5 9  2 7 4  1 2 2  2 0 3  1 1 0  7 9  2 0  8 3  1 0 0  1 2 5  3 0 4  2 9 3  8 0  7 9  9 3  1 1 4  2 2 0 
2 4 6  4 4  1 2 9  2 2 9  2 8 3  1 0 0  7 0  7 0  3 9  1 0 3  2 7 5  1 1 9  7 0  2 6 3  8 9  1 1 1  3 2  1 5 6 
1 0 3  2 7 3  1 5 9  9 3  1 1 5  1 0 9  2 8 2  3 9  1 1 1  7 9  2 2 9  2 9 3  8 0  1 1 5  6 4  2 7 7   2 7 3 
1 5 9  5 7  1 9 2  2 1 1  1 9 9  4 5  1 2 9  1 8 3  1 1 9  1 8 9  3 9  1 2 6  2 0 4  1 0 0  6 0  7 9  5 9 
1 2 2  1 1 9  5 5  1 9 2  9 5  7 9  2 5 2  2 4 5  1 1 9  1 4 5  6 0  2 4 5  1 0 0  2 2 9  2 7 7  8 5  1 9 9 
2 4 9  8 2  7 5  2 6 4  2 6 1  1 3 1  1 0 0  2 1 1  1 6 9  1 3 2  1 9 9  6 3  1 0 3  2 0 3  3 0 4  5 4 
1 0 3  2 2 9  2 0 4  3 0 4  6 0  2 7 3  1 5 9  5 1  1 9 3  4 4  1 1 3  7 9  2 2 0  2 4 5  3 9  1 7 3 
4 9  2 6 1  5 2  2 1 1  8 0  2 2 4  4 4  1 1 9  2 5 2  7 9  4 4  1 2 0  1 1 1  4 2  1 3 1  2 7 4  1 3 3 
7 9  2 0 4  3 0 4   6 0  3 2  1 4 3  3 5  1 1 9  2 8 2  3 9  2 2 9  2 5 6  1 0 3  9 3  3 0 0  1 4 4 
2 2 9  2 4 6  4 4  1 2 9  2 0  2 0 6  5 5  1 0 2  8 0  2 8 3  2 5 5  1 1 0  1 1 1  1 7 3  7 6  1 0 0  5 5 
1 9 2  8 0  2 7 2  3 0 7  1 1 3  7 9  2 2 9  1 2 7  9 6  5 4  1 1 9  1 0 3  2 8 2  3 9  2 2 9  4 7  2 4 6 
1 3 1  1 3 3  8 0  5 5  1 9 2  7 9  1 4 3  6 9  7 1  9 5  7 9  1 1 1  3 0 9  2 9 3  1 0 0  1 8 9  3 9  4 1  1 1 1 
7 1  1 5 9  2 3 3  7 5  1 2 9  1 9 9  4 5  1 2 9  8 3  9 0  2 7 4  2 1 3  2 8 3  4  4  2 8 4  1 6 1  
8 0  1 0 3  7 1  4 9  1 1 3  4 3  7 2  2 7 3  4 0  9 2  8 3  3 9  5 2  6 5  1 0 9  2 1 2  3 0 4  2 2 1
1 1 9  1 1 5  3 0 1  2 7 5  3 0 2  4 4  2 7 3  4 0  2 5 5  1 5 9  2 7 4  2 6 3  8 9  1 7 9  3 9  4 7  1 7 3 
6 9  9 2  1 2 2  1 1 9  1 7 9  2 0  1 2 5  2 4 1  1 7 5  1 1 9  1 4 2  1 5 9  2 4 5  1 4  1 9 3  1 4 5 
6 0  5 5  1 9 9  2 7 4  1 2 5  2 2 9  2 8 2  1 1 9  1 9 3  1 0 0  2 3 1  7 5  1 2 9  1 0 0  5 1  2 2 9 
2 8 3  1 7 3  3 6  2 0 3  2 0 9  2 2 9  2 5 5  2 0 3  3 0 4  2 9  8 2  2 2  8 0  2 6 2  1 1 9  2 7 
1 5 5  7 5  3 0 1  2 6 3  2 1 2  1 2 0  2 6 4  2 4 5  1 1 9  2 2 3  3 0 2  2 4 5  1 0 0  2 2 0  2 7 3  
2 1 1  1 0 1  3 0 0  1 7 4  2 2 9  1 9 9  2 4 9  6 2  1 1 5  1 1 0  1 1 5  7 9  1 1 5  4 4  3 0 1  1 0 3  1 1 
2 2 5  2 8 4  1 0 0  ? 2  2 6 9  2 5 5  1 5 9  2 7 4  1 7 3  2 5 5  7 9  3 0  2 2  1 0 3  2 4 5  3 9 -
1 4 4  1 6 7  1 1  7 1  1 7 7  1 1  7 1  2 9 3  1 0 0  2 2 1  7 9  1 5 5  1 2 9  2 0 5  6 1  2 2 9  2 7 3 - 
1 1 9  2 1 2  8 0  2 5 6  2 7 1  2 1 1  1 5 9  5 1  1 2 3  1 1 9  2 6 3  1 4 5  8 0  4 5  1 8 2  2 0 3  - 
2 5 5  1 0 0  2 2 9  1 5 1  1 3 3  1 1 9  2 0 3  8 0  1 3 1  3 0 4  2 8 3  1 0 0  1 8 9  1 1 1  1 4 4  5 1  1 1 5 
1 1 0  4 1  8 1  2 4 5  1 0 0  2 7 3  1 5 9  1 4  1 1 5  7 9  6 4  6 5  1 0 0  1 9 9  7 2  2 2 9  2 1 - 
2 1 1  1 9 9 1 3 5  9 9  3 0 0  1 0 1  2 2 9  2 4 6  1 4 9  1 8 4  1 4 2  4 0  1 1 5  7 9  3 0  2 2 0  2 7 3  -
1 5 9  2 0  1 9 6  8 2  5 4  1 1 9  1 8 3  3 0 2  2 ? 2  1 9 1  1 5 3  2 6  4 5  7 9  1 2 2  2 5 3  1 9 - 
3 0 0  1 8 9  2 5 5  8 6  1 1 9  7 9  2 5 6  1 6 5  1 7 3  2 1 3  7 3  2 7 4  1 9 9  2 2 9  8 5  4 5  -
1 5 5  1 1 9  2 2 9  2 8 3  2 4 1  1 0 0  1 7 9   X  1 9 9  2 3 3  1 9 1  1 1 9  1 1 5  1 4 5  7 9  3 0 9  2 2 9 4 
1 3 1  1 3 3  8 0  5 5  1 5 9  1 7 1  1 1 9  2 8 2  2 2 3  7 9  3 0 9  4 1  1 5 3  8 9  2 2 9  2 4 6  2 7 5 -
1 1 9  7 9  3 0 9  2 8 4  7 0  1 9 0  1 1 2  1 0 0  8 0  1 2 2  3 0 2  1 6 9  3 2  1 7 9  1 1 9  7 9  2 7 3 
<CLEARTEXT 3 >


#IMAGE NAME: 4309.png




2 1 5  2 7 4  x  8 2  7 9  1 9 2  5 4  2 9 4  6 5  8 0  6 5  1 4  8 0  5 4  2 2 5  3 0 0  ?  2 4 5 
1 0 9  1 1 2  1 9 9  1 3 9  9 2  2 2 5  1 7 9  X  1 9 9  2 3 3  1 9 1  7 9  9 0  2 8 4  1 0 0  1 9 9  3 0 0 
2 0 4  3 0 3  9 2  3 0 0  6 1  6 5  1 3 2  7 2  9 2  1 0 4   X  ?  2 7 5  1 8 0  7 4  1 0 0  2 4 9  2 7 4 
2 2 1   <CLEARTEXT  d e  b e z z e g  m i  f e m  h i f s u ^” l s  e z t  m o r d o t t u k >  1 1  1 2 1  1 0 0  6 4  3 0 4  2 9  5 2  1 3 3  
7 9  5 5  1 9 2  2 2 9  2 7 9  1 1 9  2 1 2  8 0  2 5 6  5 6  3 0 1  2 0 1  5 4  2 5 2  2 2 9  2 0  2 0 6 
5 5  1 5 9  8 0  2 2 0  2 8 3  6 4  3 0 8  1 2 5  2 7 4  1 2 9  8 5  1 5 9  1 9 2  8 0  6 5  9 9  3 0 0 
2 2 9  2 4 6  1 1 4  3 2  2 7 3  3 0 0  9 2  2 4 5  1 1 9  1 4 5  6 0  1 1 5  7 9  6 4  2 0  1 1 4  7 9  4 1 
1 2 2  2 0 3  1 1 9  7 9  2 7 3  2 1 5  2 7 4  X  6 1  1 0 1  9 2  8 2  1 3 5  2 6 3  7 0  9 0  2 8 4  
1 0 0  1 9 9  2 0 4  3 0 3  9 0  2 3 3  2 8 4  1 4  1 0 9  1 1 3  2 2 9  2 2 5  9 0  2 3 3  8 0  6 1 
9 2  1 9 5  2 2 9  2 8 2  2 6 4  2 0 2  1 0 0  1 9 9  ?  2 4 5  1 0 9 2 0 1  1 5 2  1 0 0  1 9 9 
1 5 5  1 0 9  9 0  2 8 4  1 0 0  1 9 9  3 0 0  2 0 4  3 0 3  1 2 5  1 3 3  2 1 3  7 0  3 0 3  2 0 4 -
8 9  7 1  8 4  1 0 9  9 2  3 0 0  6 1  6 5  7 9  2 6 4  1 9 9  1 1 5  1 4 1  7 9  2 0 1  1 9 4  1 9 9  1 7 9  
2 1 9  2 2 5  8 3  1 9 9  2 3 3  2 0 1  7 0  9 0  2 8 4  1 9 9  3 0 0  2 0 4  1 0 9  2 2 9  2 7 5 
1 9 1  2 0 9  1 1 3  2 1 9  7 0  X  6 3  1 3 9  7 0  1 0 9  8 3  2 0 4  1 0 9  1 9 5  3 0 0  2 2 9  
9 0  7 9 4  2 2 5  1 0 3  1 4 5  1 2 5  1 0 9  2 2 4  2 7 4  9 0  2 3 3  8 0  2 2 4  1 2 5 -
2 8 4  7 9  1 0 1  2 7 4  1 9 9  7 0  1 0 0  2 5 2  1 3 1  2 0 9  1 1 3  1 9 4  2 4 9  4 2  4 2  2 0 3 
1 3 3  6 0  1 7 5  1 9  2 2 9  2 2 4  8 9  1 5  1 1 9  1 0 3  4 3  7 2  1 2 5  7 3  2 0 4 -
7 9  2 6 4  1 1 9  1 7 9  3 9  1 9 4  8 0  8 5  3 0 8  7 9  1 2 4  4 0  1 4 2  3 0 7  2 6 3 
1 0 0  2 8 2  3 9  2 5 2  7 9  2 4 5  3 4 2  2 4 5  3 9  2 6 2  7 9  2 5 5  1 0 0  -
1 2 5  2 5 5  1 2 5  2 7 4  2 2 4  1 0  4 7  1 1  1 2 4  2 8 2  3 1 7  2 0  5 1  1 1 3 
1 0 1  2 5 2  8 0  7 5  1 0 0  7 7  2 6 4  7 1  4 4  1 2 9  9 0  2 7 4  1 2 5  X  1 5 5 
4 5  2 4 5  1 1 9  1 1 1  1 4 4  1 9 4  8 0  8 5  3 0 8  4 5  1 1 9  2 2 9  2 8 7  1 2 9 
3 0 0  9 9  4 1  8 1  1 0 1  3 0  1 1 4  5 1  1 1 5  1 1 9  1 6 5  2 0 9  1 3 1  7 9  1 0 3  2 0 
5 1  2 1 3  7 9  2 5 2  3 0 9  4 4  1 0 2  5 2  2 2 1  1 1 9  2 1 2  7 9  1 5 9  1 2 4  9 9
3 0 6  5 1  1 0 3  1 9 9  1 3 4  1 4  6 4  2 4 9  5 1  6 9   7 1  2 0 3  1 0 0  2 2 1  7 9  1 1 5 
2 5 2  2 2 9  2 5 7  4 4  1 2 9  1 1 1  2 2 9  6 0  3 2  2 7 3  3 0 0  1 7 9  2 8 2  3 9 
7 9  2 6 4  1 9 9  1 1 5  4 0  1 4 4  2 5 5  2 5 3  1 9  2 1  2 0 1  1 1 1  1 4 4  1 4 3  1 6 
1 1 9  5 4  1 0 9  2 7 4  2 7 3  1 0 0  1 1 9  2 2 9  2 7 7  1 4 3  2 4 5  1 0 0  6 9  7 1 
9 9  2 1 4  6 4  3 0 5  3 0 0  1 0 1  2 1 2  2 2 3  0 0  1 0 0  4 1  2 2 9  2 0 3  8 0  1 1 5
6 4  2 6 9  2 0 5  9 9  1 9 4  3 0 0  8 0  8 7  3 0 0  5 1  1 9 3  2 2 4  1 4 5  1 2 9  1 2 1  
1 0 0  2 6 3  8 9  1 3 1  2 1  1 1 5  7 0  3 9  2 8 2  3 1 7  1 6 5  2 0 9  1 3 1  7 9  5 4  1 0 9 
1 4 3  2 4 5  1 0 0  2 5 7  7 9  1 5 5  1 9  2 7 5  1 1 9  4 4  2 2 9  2 8 3  1 0 0  7 9  8 3 
2 3 1  1 9 9  5 1  1 1 5  2 2 9  8 7  3 2  2 0 3  1 0 0  2 4 5  2 2 3  2 5 2  1 9 1  1 5 3 
2 6  8 0  2 6 4  2 7 3  4 0  9 2  3 2  1 5 6  1 7 5  1 9  1 0 3  2 7 3  1 5 9  1 2 4  2 4 5  7 5 


#IMAGE NAME: 4310.png


7 9  3 0 0  9 5  7 9  6 7  7 0  1 1 9  2 0 3  9 3  2 4 5  1 0 0  4 4  2 3 3  1 9  2 4 5  3 9  1 4 4  2 0 1 
2 9  3 3  2 6 4  5 4  1 1 9  1 8 3  3 0 2  3 2  1 0 0  4 2  1 8 3  1 1 9  1 8 9  2 6 2  7 9  1 7 5 
1 2 9  2 0 1  2 8 3  2 5 5  1 1 9  2 7 2  8 9  2 0 1  1 3 5  1 2 9  2 8 2  3 9  2 2 9  8 0 2 5 5 
1 9 9  2 1 5  2 2 9  7 0  1 5 9  2 1 5  1 5 5  8 0  4 5  1 1 9  2 7 3  1 5 9  1 3 1  1 3 3  1 1 9  2 0 3 
7 9  3 0 9  7 0  3 0  2 2 9  8 7  2 4 5  1 1 9  4 4  3 9  1 9 9   1 4 4  1 5 2  6 5  1 7 5  2 0 7 2 
1 0 2  1 7 9  6 0  1 0 3  1 1 3  7 9  1 1 1  4 2  1 3 1  2 7 4  1 2 9  3 2  2 7 3  3 0 0  2 6 1  5 2  2 2   
2 8 3  8 3  1 9 9  2 1 3  4 4  1 3 5  9 9  3 0 0  1 1 4  2 7 5  1 1 9  4 4  1 0 3  2 9 3  1 0 0  1 8 9 
1 1 1  1 4 4  5 1  1 1 5  1 1 9  2 8 3  7 0  3 9  2 5 2  4 0  7 0  1 2 9  2 2 9  8 7  2 4 5  1 1 9  1 4 3  
6 9  7 1  1 4 5  2 4 5  2 0 9  2 6 4  1 0 3  2 5 2  1 9 1  1 5 3  6 0  6 4  2 2 9  8 0  2 ?  1 9 9 
2 1 5  2 8 3  1 0 3  7 0  3 9  2 7 2  8 9  2 0 1  7 9  3 0  2 0 6  2 0 1  2 2 0  2 4 5  2 2 3  4 5 
1 5 9  3 0 7  5 9  2 6 5  1 8 9  3 0 0  2 4 1  3 0 4  1 0 2  7 9  1 0 3  3 0 0  9 9  2 0 9  1 2 1 -
1 0 0  1 4 3  4 9  6 3  1 0 1  1 5 3  6 0  1 1 5  7 9  3 0  2 2 9  1 1 1  2 7 1  2 1 1  1 5 9  4 4  2 1 2 
1 8 9  4 4  1 2 9  2 0 3  7 9  3 0 9  2 1  2 8 3  6 4  8 0  7 9  2 6 4  1 3 5  1 4 4  4 1  8 0 
2 0 4  1 9 9  3 0 0  1 3 2  2 4 9  1 0 1  3 0 0  9 9  3 0 0  1 0 1  1 1 1  1 5 4  1 0 1  1 5 4  2 5 5  2 5 3  
1 9  1 9 9  1 3 4  1 9 5  3 0 0  2 4 9  5 1  1 1 5  4 3  7 2  1 2 5  2 8 2  3 9  1 4 5  2 4 5  2 0 9  
2 6 4  1 0 3  1 9 9  1 3 4  1 4  6 4  1 9 9   7 1  4 0  2 2 9  2 2 9  2 0 4  1 0 0  6 0  3 0 4  2 2 4 4 
1 2 1  1 0 0  2 4 5  2 2 3  1 9 9  2 0 5  8 5  4 5  7 9  1 1 1  1 1 3  7 9  1 4 2  4 0  9 9  1 5 5  1 1 9  
2 0 3  8 9  2 6 4  1 1 9  5 9  2 0  2 5 5  7 9  6 4  8 0  8 1  1 5  1 1 9  1 1 3  3 2  9 2  1 7 9  1 2 5 
3 0 4  6 4  8 0 0  2 2 9  2 4 5  3 9  1 1 1   1 5 4  1 0 1  1 5 4  1 5 5  1 1 9  2 7 3  1 5 9  7 2  1 2 5  
6 4  2 0  1 1 4  1 7 4  7 9  2 2  1 4 4  1 3 4  3 0 0  2 2 0  3 0 0  1 1 4  5 4  2 6 2  3 6  1 0 0  5 2 
1 9 2  2 1 1 <CLEARTEXT HU mind azon álml máfolirul ve^’ge^’re megyiink bizoryofsan s>
<CLEARTEXT HU informallyuli Ngdat Todor áltnl, liir- is in rarrosztatunk az Erdelyi>
1 7 3  2 5 5  1 2 5  1 2 9  1 2 2  2 4 3  1 1 9  2 0 3  5 2  2 4 1  2 7 4  7 5  2 3 3  1 3 5 
2 2 9  9 9  3 0 0  2 1 9  4 3  2 1 9  2 5 7  1 2 9  1 3 3  2 7 4  8 0  1 7 5  1 9  1 4 5  1 1 9 
2 6 3  2 9  1 7 4  2 7 3  1 5 9  2 7 1  2 1 1  1 5 9  3 0 4  4 2  1 2 3  9 0  2 5 2  7 9  1 5 5 -
1 9  2 9 3  1 0 0  1 8 9  3 9  2 1 9  1 0 3  2 0 9  3 6  2 0 5  6 1  2 8 2  3 9  5 4  1 0 9  1 0 3  
1 2 3  3 0 6  1 4 9  1 0 1  6 4  2 5 2  1 0 0  4 2  1 1 1  1 5 4  1 0 1  1 5 4  4 3  1 7 9  1 0  2 7 1 
3 9  9 2 1  4 7  7 9  2 2 9  1 4 3  2 7 1  2 0  7 2  8 0  2 8 3  1 0 0  1 8 9  4 7  5 5  1 9 9 
2 7 4  1 1 5  2 8 4  2 1 5  4 5  1 0 3  2 0 3  2 6 2  7 9  4 4  2 1 2  1 8 9  1 0 0  4 1  2 7 5 1 1 9 
1 5 5  1 9  1 1 1  1 4 4  2 8 2  3 9  2 3 9  3 5  2 0 5  6 1  1 0 1  1 8 3  1 1 9  1 8 9  3 9  1 7 9 -
1 4 3  1 1 1  1 5 4  1 0 1  1 5 4   4 4 0  <CLEARTEXT HU Ngdhoz > 2 0 1  1 1  1 2 1  1 0 0  3 0 4  4 2  8 5  1 9 9 
2 4 9  2 7 1  5 1  7 9  8 3  1 2 5  1 0 0  1 3 5  9 9  1 9  2 8 2  2 2 3  7 9  2 0 9  3 5  2 0 5 6 1-
2 6 3  1 8 2  3 0 5  2 7 9  1 2 2  8 9  5 1  1 1 5  1 0 9  3 1  1 0 1  3 0 0  3 2  5 2  1 2 5  7 9  1 7 5  
3 0 1  2 2 9  2 0 7  2 4 5  3 0 0  1 9 1  9 3  7 1  7 9  4 4  2 1 2  1 8 9  8 3  1 2 5  3 0 4  1 3 5 
 
#IMAGE NAME: 4311.png 


9 9  1 3 9  1 0 1  1 2 2  2 0 3  1 1 9  7 9  1 5 5  1 8 9  3 9  1 0 1  1 1 4  2 6 3  3 0 0  1 8 9 
1 7 9  2 0  1 2 5  3 0 4  2 0 1  1 3 9  2 6 9  2 8 3  7 0  1 1 9  1 1 5  2 3 1  1 2 3  2 4 5  3 0 0 
2 5 9  1 0 1  4 1  8 1  1 3 4  9 0  2 9 4  2 9 3  2 5 5  5 1  6 4  1 1 1  1 4 4  2 4 5  3 0 0  1 0 1  4 5 
1 5 9  2 6 4  2 2 9  1 4 3  2 9 3  8 0  7 9  1 0 3  1 1 3  7 9  2 2 9  1 9 4  1 9 3  1 3 5  7 0  3 0 3 
2 0 9  7 1  2 4 5  3 9  1 4 4  2 7 3  1 5 9  1 0 3  5 5  1 0 9  2 8 3  2 7 4  5 4  1 0 9  2 7 3  2 6 2  7 9 
2 2  2 9 3  8 0  7 9  1 0 3  2 5 2  2 9 4  1 0 9  2 8 8  7 2  2 0  1 7 9  4 9  2 0 4  3 0 4  6 0  7 9 
1 8 3  1 1 9  2 4 1  7 9  3 0 9  3 0 0  2 0 1  2 2 9  2 4 7  2 6 4  2 1 0  2 4 5  1 3 9  1 9 1  2 8 2  
3 9  1 0 2  7 9  3 0 3  2 9 1  1 4 2  1 5 9  9 1  4 5  2 7 3  4 0  2 8 3  1 0 1  7 9  1 4 3  5 5 -
1 0 9  2 7 3  8 9  8 3  1 0 0  9 2  2 7 3  3 0 4  6 4  9 3  1 1 5  3 0 3  2 2 9  2 4 6  4 4  1 2 9 
2 4 5  8 9  1 3 4  3 1 3  1 2 2  5 5  1 9 2  2 0 3  2 5 5  1 1 9  9 2  2 2 9  2 6 7  1 0 0  4 1  2 0  1 7 4 
2 2 3  7 9  1 1 1  1 4 4  2 4 5  3 0 0  1 9 1  4 4  1 2 9  1 3 5  2 0  1 3 5  1 7 1  1 1 9  2 4 5  2 2 3 -
6 1  1 7 4  3 0 0  9 9  1 3 9  8 1  7 0  3 0 2  2 0 1  5 4  2 9 9  1 0 2  2 4 5  1 9 3  2 8 3  7 9  3 1 1 
2 9 1  2 6 2  6 0  2 6 5  3 0 4  6 4  3 2  2 0 3  5 4  2 8 3  6 9  3 2  3 0 8  1 1 4  3 0 6  5 2  4 6  2 0 3 
2 5 5  1 0 0 1 1 1  2 6  3 0 2  2 7 3  1 5 9  3 2  1 6 6  3 0 0  2 2 9  2 8 3  1 9 9  5 5  1 3 3  4 0  9 9 
2 1 4  6 4  3 0 5  3 2 1  1 0 3  1 1 1  2 8 3  1 0 0  7 9  2 8 2  3 9  3 0 3  2 9 1  6 4  3 0 4  1 9 9  5 5
5 4  1 2 9  1 1 3  7 9  2 2 9  2 5 7  3 0 4  1 2 4  3 1 6  5 1  1 9 3  2 2 4  7 9  1 2 1  1 0 0  4 4  2 1 2 
2 5 9  2 2 1  1 1 9  1 8 2  3 0 0  4 4  2 1 2  1 8 9  2 5 2  1 9 3  2 0  3 2 0  2 2 9  1 4 5  2 4 5  2 0 9  
2 6 4  1 0 2  5 2  8 3  1 2 5  1 0 0  1 3 5  9 9  1 3 9  1 0 1  3 0 0  1 8 9  2 5 5  8 6  1 1 9  7 9  2 5 6  
1 6 5  1 4 3  2 1 3  2 0 0  6 1 1 <CLEARTEXT HU Urk > 1 2 5  8 9  2 0 9  8 2  5 1  1 9 3  2 2 4  7 9  3 0  1 0 1 -
5 4  1 0 9  1 3 3  2 5 5  8 0  5 5  5 4  2 6 2  4 6  1 2 5  7 9  1 2 5  2 4 5  1 9 3  2 2 9  2 5 5
2 0 3  2 4 3  7 9  3 0 9  2 5 5  2 0  2 2  2 7 1  8 2  2 2 9  2 8 3  1 0 0  7 9  2 8 2  3 9  1 4 3  1 9 9 
6 4  1 0 0  1 3 1  3 0 4  1 7 9  3 9  2 0  7 2  2 2 9  6 0  2 0 0  1 9 7  3 0 0  3 9  7 0  1 9 3  1 3 9  1 2 2 
2 7 4  1 0 0  2 9  9 2  2 5 6  5 5  1 5 9  2 7 4  2 6 2  4 0  0 2  1 2 5  3 0 4  4 2  9 0  7 9 4  2 9 3 
2 5 5  5 1  1 1 5  <CLEARTEXT HU Ezen dologban renig Komáromi Uram Ng^~odnak böveb in->
<CLEARTEXT HU formacior adhat > 1 1 3  7 9  1 3 3  3 9  3 2  2 7 3  8 0  2 0 5  7 0  1 9  1 1 1  1 4 4  2 4 5  3 0 0 
1 9 1  4 5  1 5 9  9 0  2 3 3  8 0  9 9  1 6 9  1 2 2  2 7 4  1 0 0  1 3 5  1 9 1  1 4 1  1 5 5  3 0 7  3 0 0 
1 2 4  2 0 3  2 6 2  7 9  1 0 9  8 1  7 5  1 2 9  3 0 0  6 0  2 0 9  5 2  1 2 5  1 0 0 1 1 5  1 1 9  7 9  4 1 
2 6 3  7 5  1 2 9  1 0 3  1 0 2  5 2  1 3 5  2 0  7 9  1 7 1  1 1 9  1 7 9  2 5 5  8 9  1 1 5  1 1 9  6 4  2 0 1  
2 2 9  8 0  1 1 44  2 0 4  1 0 0  3 6  1 1 9  2 8 3  1 0 0  2 0 1  3 0 4  1 5 3  8 9  9 0  2 7 4  2 4 5  2 0 3  5 1 7 9 
7 0  3 9  2 8 2  3 1 7  1 7 9  3 9  2 0  7 2  6 3  4 0  5 1  1 9 3  2 2 4  7 9  3 0  1 1  7 1  2 9 8  7 2  2 0  1 7 9  
4 9  9 0  5 2  6 0  7 9  1 0 3  1 3 2  6 0  9 2  3 0 0  9 9  2 0 9  4 4  2 1 2  1 8 9  1 0 0  4 1  2 5 2  2 8 3 
8 3  3 0 0  2 0 5  1 3 9  2 2 9  1 3 9  2 4 5  1 8 9  4 4  1 2 9  1 0 3  1 6 5  2 0 3  1 0 9  9 1  8 0  5 1  1 2 3 
1 1 9  2 6 3  1 4 5  8 0  4 5  2 0 9  3 0 0  2 4 1  2 7 4  2 5 2  1 9 3  2 0  1 1 5  6 4  8 0  2 1  2 1 1  1 5 9 
2 1 1  8 0  5 5  1 4  1 9 3  1 1 9  6 4  2 7 3  1 0  2 2 9  1 4 3  2 2 5  1 2 1  1 0 0  6 9  2 2 9  3 9  1 4 4  2 9 


#IMAGE NAME: 4312.png 


3 2  4 0  8 1  2 2 9  6 5  9 2  2 6 5  3 9  1 1 1  6 4  1 2 9  3 2  2 2 5  3 0  1 1  7 1  2 2 9  1 5 3   2 9 4  2 6 4  
1 0 3  2 7 3  1 0  1 1  1 2 1  1 0 0  1 0 3  2 7 3  1 5 9  1 5 1  7 9  2 6 4  1 0 0  1 5 3  6 0  2 4 5  1 0 0  5 4  2 5 2  
4 4  3 9  4 1  2 1  2 2 9  4 0  7 9  2 0  7 2  1 0 2  1 1 3  7 9  2 8 3  2 8 2  2 0  2 6  1 9  3 0 0  1 2 4  5 4  
1 2 3  1 1 9  2 6 3  6 0  1 1 5  7 9  3 0  2 2 9  2 6 3  1 8 2  7 9  2 2 9  2 8 2  9 0  2 7 3  8 0  1 2 5  2 7 4 
8 0  1 2 3  2 1 4  1 3 5  2 5 2  3 0 0  2 2 9  1 0 3  2 7 1  3 9  2 0  7 2  8 0  3 0 3  8 3  2 5 9  4 4  2 1 2  1 8 9 
4 4  1 7 9  5 5  1 0 9  2 0 3  2 0  5 2  1 2 3  2 6 4  8 9  2 2 9  2 5 2  8 3  1 2 3  2 0 9  1 4 5  2 4 5 
2 0 9  2 6 4  1 0 3   1 1 1  4 3  1 1 1  2 0  1 3 4  3 2 0  2 7 1  4 5  1 5 9  1 7 4  2 4 9  4 4  1 3 5  8 4  5 4 
4 0  2 2 9  2 5 5  2 0 3  2 4 5  1 9 3  2 8 3  1 0 0  7 9   1 1 1  1 4 4  1 2 4  2 1 9  1 4 9  1 5 1  7 2  1 1 4  2 2 1
1 1 9  1 8 2  2 4 0  2 4 5  1 9 3  2 7 3  4 0  2 7 3  3 1 6  5 2  3 9  9 6  7 2  1 0 2  9 2  2 2 0  2 0  1 3 4  
3 7 0  2 7 1  1 1 4  1 2 3  1 1 9  5 9  2 0  2 5 5  1 7 5  1 6 5  7 9  1 1 2  1 9 9  1 3 5  3 0 5  5 4  2 0 3 
3 9  5 2  1 2 2  2 4 3  2 7 3  4 0  2 8 2  3 9  1 1 1  1 4 4  2 5 5  2 0  2 2  2 7 1  8 2  3 2  3 0 0  9 9 
2 0 9  1 2 1  1 0 0  9 4  2 6 2  8 0  5 5  1 0 0  <CLEARTEXT HU talám csali aravalosralám annali raploja>
<CLEARTEXT HU mind azor álral Ngod b^’lsebben penerralfiattya > 8 0  1 3 3  8 9  2 0 3  7 9  2 6 2  6 0 
2 7 3  1 0 0  2 5 5  1 0 0  2 2 9  2 7 2  2 7 4  1 3 3  7 9  2 5 5  2 0 3  1 9 9  1 3 4  1 4  6 4  1 9 9  5 1
1 5 5  1 2 9  3 0 0  3 2  5 7  1 2 5  7 9  2 0 6  1 1 1  7 9  1 0 3  5 4  1 0 9  4 3  1 1 1  2 8 2  3 9  3 0 9 
2 6 4  1 9 9  1 1 5  1 1 9  4 4  3 0 4  3 1  9 9  1 8 9  1 1 4  2 2 9  1 1 3  1 0 3  3 0 3  2 9 1  2 9 3  1 0 0 
1 8 9  2 4 5  1 0 0  3 0 0  1 2 4  2 0 3  1 4 9  9 2  4 2  2 0 3  1 3 3  6 0  1 2 5  7 9  1 7 5  1 2 9  2 0 
2 2 9  2 4 5  9 3  2 2 9  7 5 5  2 2 9  2 8 3  2 4 1  1 0 0  1 0 9  1 4 4  1 1 5  7 4  1 0 0  8 2  7 9  8 3 
1 5 9  2 6 4  1 1 5  2 5 5  8 0  7 9  2 6 4  9 0  2 7 4  5 5  1 3 5  2 2 9  2 2 4  8 9  1 1 5  1 7 5  2 5 5 
8 0  7 9  2 6 4  1 1 5  2 3 3  1 0 0  3 0 4  1 4 4  2 1 3  1 3 1  1 0 0  1 2 5  8 9  1 9 9  1 4 4  2 5 5  8 9 
4 5  1 5 5  3 0 7  2 7 5  1 4 1  8 0  1 9 9  7 0  1 0 9  8 3  9 0  2 7 4  5 5  1 0 0  1 3 5  2 2 9  8 3  1 2 5 
8 9  8 4  1 0 0  1 9 9  3 0 0  1 3 9  2 0 1  1 9 9  4 5  1 2 9  1 1 1  7 9  1 2 2  2 0 3  1 1 9  1 2 5  2 2 1 
2 8 3  6 4  2 2 5  1 9 9  5 1  1 7 9  1 0 1  1 0 3  2 7 4  7 5  2 3 3  1 3 5  1 4 4  4 2  2 2 4  8 9  1 1 5 
1 7 9 <CLEARTEXT HU q > 2 4 5  1 0 9  9 2  6 1  8 4  2 0 4  8 9  2 1  <CLEARTEXT HU X > 3 0 0  2 5 7  2 8 5  1 1 9  7 9  9 9  2 0 9 
5 5  8 9  2 4 5  2 7 4  4 5  1 0 0  1 9 9  1 1 5  1 0 9  1 9 4  1 9 9  4 7  2 7 4  2 1 3  2 0 2  1 6 4 
1 7 9  2 2 9  <CLEARTEXT HU q > 2 4 5  5 4  1 9 9  2 7 4  2 4 9  2 7 1  9 2  6 4  6 5  2 1  2 5 5  8 9  5 5  1 5 5 
8 9  1 1  5 1  1 2 5  2 6 4  1 9 4  8 9  1 2 5  9 7  3 0 0  6 1  8 4  1 0 0  1 9 9  2 1 1  2 4 9  9 9   7 4 
1 0 0  8 2  1 3 5  8 0  8 3  1 5 9  2 6 4  1 3 5  5 4  2 9 3  2 7 5  8 0  7 3  2 0 4  1 8 9  1 1 3  5 5  1 9 9 
2 0 5  3 0 0  2 7 2  1 9 9  8 5 2 0 3  6 5  8 0  1 3 5  7 9  1 0 3  1 1 1  1 4 4  4 4  1 1 9  4 2  2 1 3  1 2 5 
2 2 9  1 9 9  1 3 4  2 1 3  1 8 2  1 5 5  7 5  1 2 9  4 4  3 0 1  2 8 3  1 0 0  2 0 1  1 0 4  5 9  3 0 9  2 0 -
7 2  5 7  1 9 9  5 5  8 0  9 0  2 9 4  1 5 9  2 7 4  3 0 8  8 5  3 0 8  1 1 4  2 7 5  1 1 9  7 9  2 2 9  4 7
3 2  2 0 3  8 7  2 5 2  2 2 9  4 7  1 5 5  2 8 4  1 0 0  7 9  1 2 1  8 9  1 9 9  3 2  2 2 3  4 4  7 9 
2 6 3  3 0 0  1 8 9  2 8 3  1 0 0  1 8 9  1 7 9  3 9  2 0  7 2  8 0  2 8 3  1 0 0  1 8 9  1 0 9  2 9 1 -
5 4  1 0 9  2 0  5 1  2 2 3  7 9  1 2 9  2 7 5  1 1 9  4 4  9 9  2 0 9  1 3 6  8 4  1 0 3  8 0  9 2 -
2 6 5  1 9 9  1 4 5  2 8 4  6 1  3 0 0  2 2 9  2 4 5  1 1 9  2 2 3  7 9  1 1 5  1 4 5  2 4 5  2 0 9  2 6 4 




#IMAGE NAME: 4313.png 


1 0 3  2 2 9  1 7  9 1  2 4 5  2 2 3  1 3 1  1 3 3  8 0  5 5  1 9 2  7 9  1 3 3  8 9  2 0 1  7 9  1 2 5  2 8 3 
1 9 9  7 9  1 9 1  4 2  1 3 1  8 9  1 1 1  2 2 9  2 4 5  3 0 0  7 4  2 6 5  1 9 9  8 0  4 4  2 1 2  1 8 9 
22 7 2  2 5 5  1 7 9  2 4 5  3 9  1 4 4  2 5 2  1 8 9  2 5 5  2 0 3  2 8 3  1 0 0  7 9  2 8 2  3 9  1 9 4  9 0 
2 2 9  3 0 0  1 8 2  8 0  1 9 4  8 9   2 0 5  6 1  2 0  7 2  5 2  2 9  1 7 9  1 9  2 7 4  2 7 3  1 5 9  9 3  1 1 5 
2 8 2  3 9  2 4 5  3 0 0  7 4  2 6 4  2 9  2 8 2  6 0  2 7 3  3 9  5 2  1 2 1  4 9  2 2 9  2 3 3  1 2 3 
2 6 4  5 7 4 9  3 0 0  1 3 1  1 0 0  2 0 3  2 5 5  1 0 0  8 3  1 4 2  8 9  2 6 3  1 5 5  7 5  1 2 9  2 9 3  1 0 0  2 2 1
7 9  1 5 5  1 2 9  9 7  1 3 2  4 4  2 1 2  1 8 9  2 7 2  2 5 5  2 0 1  2 8 2  3 9  2 5 2  1 8 9  2 0 3  3 9  52 
2 5 5  2 0 3  1 0 0  4 2  1 5 5  1 8 9  3 9  7 0  1 2 9  1 1 1  1 7 9  1 0  2 7 4  1 9 9  9 9  1 5 9  7 4  8 0  1 9 9 
5 1  1 5 5  1 2 9  4 4  2 1 2  1 8 9  4 2  1 3 1  2 7 4  5 4  1 2 9  2 0 3  1 0 0  6 4  2 4 5  1 9 3  3 0 3  8 3 
7 9  3 0 1  1 0 2  2 6 2  6 0  5 4  2 1  3 9  2 2 9  2 4 7  2 9 3  1 0 0  2 2 1  7 9  1 1 5  2 2 1  2 8 3  6 4 -
2 5 5  6 4  1 9 5  7 9  8 3  1 3 2  6 4  1 2 5 <CLEARTEXT HU q> 2 5 5  2 7 4  2 0 3  2 2 9  1 9 2  8 9  2 6 3  6 4  8 0  
1 9 9  1 4 4  7 9  2 6 4  2 9 2  1 0 0  1 8 2  8 9  1 6 4 <CLEARTEXT HU feleltünk > 8 2  7 9  1 9 9  2 7 4  2 1 1  
1 4 1  2 0 3 <CLEARTEXT HU q> 2 6 5  2 2 9  8 5  1 0 0  7 9  8 3  7 3  3 0 0  1 9 9  1 3 9  7 4  8 0  3 0 9  2 8 4  1 1 5 
2 7 3  1 0 0  2 2 4  8 9  1 1 5  1 1 2  1 9 9  3 0 0  1 0 1  <CLEARTEXT HU q> 2 5 5  8 5  1 0 0  7 9  1 5 1  5 4  7 2  1 8 7  7 4 -
8 0  9 0  2 9 4  2 0 4  1 0 0  6 5  1 4 4  1 0 3  1 9 9  1 4 4  1 5 9  1 5  2 2 9  2 8 2  7 0  1 1 5  3 2 -
1 0 6  2 1 9  1 9 4  1 3 2  2 8 3  2 5 2  4 0  1 2 2  3 0 0  2 7 1  3 2  1 0 9  9 2  3 0 3  7 1  9 2  5 4  
2 1  2 9 2  1 9 9  2 6 5  5 2  4 4  1 7 9  2 5 2  2 0 9  9 2  5 4  2 4 9  1 4 4  3 0 0  7 0  1 9 2  
3 0 3  9 2  1 9 9  7 0  3 0 0  2 1 5  1 3 2  2 1 3  6 1  <CLEARTEXT HU q> 2 7 5  2 9 3  2 2 1  2 6 5  3 1 1  1 1 3  7 4  1 0 0 
5 4  1 4  1 1 5  2 6 5  7 9  2 7 4  2 1 3  2 0 2  1 4 4  4 2  2 8 3  3 0 4  5 9  2 8 2  3 9  4 4  2 3 3 
1 9  5 4  1 1 9  1 8 3  3 0 2  1 0 3  3 0 0  1 2 4  1 5 5  1 8 9  2 8 3  1 0 0  2 0 1  5 4  1 2 9  9 2  1 2 2  
2 0   1 1 9  1 6 5  1 9  2 9 7  1 3 1  1 0 0  2 4 5  3 9  1 4 4  1 9 7  3 0 0  1 3 1  7 9  1 4 9  3 0 2  5 4  1 9 2 
8 9  1 5 9  3 2  2 0 3  2 2 9  4 9  2 1 9  2 2 9  1 2 2  2 0 3  5 5  1 9 2  2 2 9  1 7  1 2 5  7 9  3 0 9  
9 0  2 9 4  2 6 5  6 5  1 7 4  2 7 2  2 6 2  1 6 5  1 1 5  8 9  1 1 5  4 5  1 2 2  2 4 3  1 1 9  1 1 4  5 6  
4 9  1 6 4  4 5  1 0 0  5 4  1 0 9  1 5 5  1 8 9  3 9  7 0  1 2 9  2 4 5  1 1 9  1 4 5  6 0  1 1 5  7 9  1 1 5 
1 7 9  2 4 5  3 0 2  1 0   8 0  1 0 1  2 4 5  3 9  5 5  3 0 3  2 8 3  1 0 0  2 5 9  1 1 1  1 4 4  5 1  1 1 5
1 1 9  2 5 2  1 1 9  2 2 3  7 9  1 5 5  3 0 1  2 8 2  3 9  3 0 4  4 2  7 2  2 7 4  1 3 3  3 9  3 2  2 7 3 
8 0  2 0 5  1 9 5  1 2 9  5 5  1 0 9  2 8 3  5 1  1 2 3  1 1 9  2 6 3  1 4 5  8 0  4 5  2 1 2  4 9  5 4  1 0 9  2 1 
6 9  7 1  2 8 2  3 9  3 2  3 1 3  2 8 2  6 0  2 6  2 2 9  2 8 3  3 0 4  3 0 9  2 8 2  3 9   2 7 3  1 5 9 
2 7 1  2 1 1  2 8 9  1 1 1  1 9 7  3 0 0  1 7 3  2 5 5  1 2 5  1 2 9  3 5  1 1 9  5 4  1 0 9  1 0 3  4 7  2 0 3  1 3 3 
6 0  1 7 5  1 9  2 0 1  2 2 9  2 8 3  1 1 0  7 9  1 1 5  1 9 4  2 0  1 1 5  1 1 9  1 5 5  1 2 9  2 7 1  2 1 1  1 5 9  2 4 3 
7 9  3 0 9  2 1 1  3 0 8  1 9 9  2 0 5  8 5  6 5  2 3 9  1 2 4  4 3  5 2  8 2  1 3 5  1 0 9  5 1  6 9  7 1  4 4  2 1 2 
1 8 9  1 0 1  1 1 1  7 2  7 9  1 4 9  1 8 4  1 7 4  6 3  4 0  2 4 9  1 4 4  6 5  2 0 1  2 6 4  1 3 5  1 5 4  2 2 9 
2 4 5  2 2 3  1 3 3  8 9  2 0 1  8 0  7 9  3 2  5 9  2 8 2  3 9  1 4 5  2 4 5  2 0 9  2 6 4  1 0 3  1 2 5  3 0 7 
3 0 0  2 7 1  5 4  3 2  2 7 3  3 2 1  2 8 3  3 0 4  3 0 9  2 8 2  3 1 7  6 3  4 0  5 1  1 9 3  2 2 4  7 9  3 0 -
1 1  7 1  1 0 0  3 1  9 9  1 8 9  3 0 4  4 1  2 0  2 0 6  8 0  2 0 1  3 0 3  8 3  2 0 1  1 0 0  3 2  2 0 3  3 0 4  1 3 3  6 0-


#IMAGE NAME: 4314.png 


2 6 2  1 6 5  2 2 1  3 0 2  2 1 2  1 2 3  7 9  1 9 9  1 4 4  6 5  2 0 1  2 6 4  1 3 5  1 5 4  2 2 9  2 5 5  3 0 4  6 4  1 0 2 
5 2  5 1  1 9 3  2 2 4  7 9  2 0 9  7 1  1 2 4  4 0  3 ? ?  3 2  8 2  5 2  1 4 3  1 3 5  8 9  3 0 0  1 7 9  2 0  1 2 5  6 4  2 1 2 
3 0 4  2 2 1  1 9 3  1 3 5  7 9  1 1 5  4 4  2 9  1 5 3  2 6  6 5  7 9  2 2 9  2 7 3  4 0  2 0  3  7  8 2  5 2  2 0 3  1 4 9  
9 2  1 5 5  1 8 9  6 9  7 1  1 1 1  7 9  1 0 3  4 4  2 1 2  1 8 9  2 2 9  2 9 7  3 0 0  1 8 5  2 4 5  8 9  1 3 9  1 8 9  2 5 5 
8 9  1 1 9  7 9  2 5 6  1 6 5  1 7 3  2 1 3  7 3  2 7 4  2 0 5  1 9 5  1 2 9  5 1  1 1 5  1 1 9  4 1  8 1  2 4 5  1 0 0 
2 1 1  8 0  5 5  1 0 0  6 5  1 7 4  2 0  7 2  1 0 2  6 4  2 2 9  2 5 2  2 6  2 0 9  7 1  1 2 2  2 4 3  1 1 1  1 4 4 
1 1 2  1 9 9  1 3 5  1 7 4  1 4 5  2 4 5  2 0 9  2 6 4  1 0 3  5 4  1 4 3  2 4 5  1 0 0  4 9  2 2 9  1 4 2  3 1 6  1 1 5 
7 9  6 4  6 3  4 0  2 2 5  1 4 4  1 0 2  5 2  2 2 1  2 2 3  1 5 9  4 4  1 2 9  1 9 9  9 3  2 4 9  7 0  3 0 9  8 0  1 1 5
1 0 0  1 3 5  2 2 9  3 0 0  2 9 4   1 1 9  8 0  1 9 9  1 4 4  5 5 <CLEARTEXT HU q> 2 5 5  3 0 4  1 3 5  2 2 9  1 3 9  1 5  3 0 2  2 1 2 
1 0 0  2 2 1  1 1 9  1 5 3  2 5 9  6 9  7 1  1 0 9  2 9 1  3 0 0  3 2  5 2  1 2 5  7 9  1 7 5  1 2 9  1 1 1  1 5 4  1 0 1  1 5 4 
4 4  1 2 9  1 0 3  2 6 5  3 9  1 1 1  5 6  1 0 0  4 3  5 2  1 3 5  7 9  1 5 3  8 0  1 4 4  3 0 8  5 1  1 0 1  1 4 5  1 0 9 
2 3 9  7 1  2 4 5  1 9 3  2 8 3  1 0 0  7 9  2 2 9  5 4  2 7 3  3 0 9  1 8 5  6 9  8 1  5 4  1 9 9  1 2 4  2 3 3 
1 9 9  4 0  1 4 4  2 2 9  2 5 4  6 9  5 1  8 3  2 6 9  3 0 5  1 9 9  9 1  7 0  1 1 1  5 4  1 6 5  3 0 7  1 2 5  4 9  2 2 
1 7 3  6 0  1 6 5  3 0 1  2 0 9  6 0  1 9 7  3 0 0  2 1  1 8 4  9 1  9 3  7 1  7 9  2 2 9  2 8 3  7 9  9 0  2 9 4  3 0 0 
1 7 9  1 9 9  1 1 5  1 1 9  7 9  2 6 6  1 3 1  7 9  1 4 9  1 1 9  5 2  2 8 3  1 2 9  2 2 3  8 0  2 8 3  1 0 3  2 2 9 
2 2 9  1 2 4  2 9 3  1 8 9  3 9  1 0 1  1 9 3  7 9  3 0  7 0  1 2 9  2 9  9 3  1 2 3  2 2 3  2 3 1  1 9  1 0 2  5 2 
2 2 1  2 2 3  1 5 9  1 2 1  3 0 4  4 3  5 2  1 9 9  2 2 9  2 2 5  1 7 9  1 5 5  1 8 9  2 4 5  1 0 0  1 1 1  7 9 
4 5  2 3 3  8 0  2 2 4  2 3 4  2 1 3  <CLEARTEXT HU q> 2 5 5  2 7 4  1 0 0  1 9 1  8 2  7 9  8 3  9 0  2 8 4  1 0 9  1 0 3  9 2 
8 3  1 7 9  2 2 9  1 6 9  2 2 3  2 7 4  1 4 1  7 9  2 7 4  2 1 3  2 0 2  9 9  2 7 3  4 0  9 2  4 4  2 1 2  1 8 9 
1 7 1  1 1 9  2 9  1 1 3  1 2 5  5 4  8 0  4 3  1 1 1  1 8 2  1 1 5  4 5  1 6 1  1 1 9  8 0  2 5 2  1 9 1  1 5 3  2 6 
4 5  1 6 1  1 1 9  5 1  1 9 3  1 1 0  2 2 1  2 0 9  1 2 1  1 0 0  8 0  3 0 0  9 9  2 0 9  1 2 1  3 0 4  2 7 4  2 7 3 
1 0 0  1 1 9  2 6 2  1 6 5  2 8 3  1 0 0  7 9  2 6 3  8 5  3 0 4  4 4  1 0 0  3 0 0  3 2  1 2 5  7 9  1 7 5  1 2 9 -
1 1 1 2 2 5  7 1  4 4  2 1 2  1 8 9  1 4 3  2 4 5  4 9  2 2 9  1 1 1  1 9 7  3 0 0  1 7 3  2 5 5  1 2 5  1 3 3  7 9 
1 3 1  1 8 3  3 0 2  2 0 1  6 4  1 1 1  7 2  7 9  9 3 0  7 3  2 0 4  7 9  2 6 4  1 1 9  4 0  1 4 4  2 0  1 1   2 1   1 6 4 
2 9 9  2 4 9  1 9 9  8 2  8 5  3 0 8  7 9  8 0  1 9 4  3 0 8  8 5  8 0  7 9  1 0 3  5 4  1 4 3  2 2  2 8 3  1 0 0 
7 9  2 3 4  2 0 9  2 1 3  1 9 9  2 1 5  1 7 5  2 5 5  1 2 5  1 2 9  5 4  3 0 1  1 2 2  2 0 3  1 1 9  7 9  1 0 9  2 9 4 
3 0 0  3 7  5 2  1 3 5  2 2 9  2 7 7  5 4  1 2 9  9 9  1 9 9  1 1 5  2 4 5  9 0  2 7 4  5 5  1 0 0  7 9  1 0 3  2 4 5 
1 9 3  2 0  7 9  2 1  1 3 3  8 9  2 0 1  6 0  ? 2 5  2 2 9  7 9  1 3 9  2 8 7  2 8 3  1 0 0  7 9  5 1  1 2 3  1 1 9 
2 6 3  6 0  1 1 5  3 0  2 2 9  4 4  2 1 2  1 8 9  1 4 9  1 8 4  2 6 3  1 8 2  7 9  2 9 3  1 0 0  2 2 1  7 9  1 5 5 
1 2 9  3 0 0  1 2 4  2 2 9  2 8 3  1 0 0  7 9  7 2  1 2 5  7 9  1 7 5  1 2 9  1 9 9  1 3 4  5 2  1 9 1  1 1 9  1 1 5
1 1 5  3 0 0  9 9  4 2  1 3 1  8 9  5 5  1 9 2  3 5  3 0 2  1 4 4  4 4  1 0 0  2 2 9  6 4  8 0  6 5 0 4 5  1 0 0 -
1 8 9  6 5  2 8 2  6 0  2 7 3  1 0 0  2 5 5  3 0 4  8 0  1 3 3  8 9  2 0 3  7 9  1 2 2  2 0 3  3 5 6  2 0 3  1 3 5 
2 6 2  6 0  1 3 3  2 0 4  8 0  7 9  8 3  5 5  1 0 0  1 9 9  7 2  7 2  1 1 3  7 2  1 1 3  1 0 1  1 7 9  7 0 9  1 3 3  8 9
2 0 1  6 0  1 7 5  1 2 9  1 6 5  2 0 3  2 4 5  2 6 4  1 5 3  6 0  6 6  1 9  1 7 9  2 4 5  3 0  5 5  1 0 9  1 4 5
5 9  1 1  2 9 3  1 0 0  2 2 1  1 9  1 1 5  2 5 2  7 0  3 9  7 1  1 6 5  2 0 3  1 0 9  1 1 5  4 4  2 9  1 7 4  1 9 9  8 9  
2 0 1  1 2 5  1 2 9  4 3  1 1 1  6 5  1 0 0  1 9 9  7 2  1 1 3  9 1  4 5  1 1 9  3 0 0  2 2 9  2  4 5  1 1 9  2 2 3  3 0 3  
<CLEARTEXT HU g> 


#IMAGE NAME: 4315.png 


2 6 7  7 5  1 2 3  7 9  2 4 5  8 9  1 1 5   1 4 5  1 2 9  1 3 3  2 5 5  5 5  7 9  2 4 5  3 9  3 0 0  1 0 1  1 1 4  
5 4  1 4 9  1 0 2  7 0  3 9  7 1  1 5 5  2 2 1  1 0 9  2 2 9  2 4 5  2 6 4  1 5 3  2 6  8 0  2 0 1  2 5  2 6 5
1 8 9   4 4  9 0  2 2 9  2 5 7  1 0 0  2 6 3  8 0  4 2  1 3 1  2 7 4  1 2 9  8 0  1 0 9  9 1  2 2 2  1 3 1  8 9 
6 4  7 0  1 0 9  2 0 3  6 9  5 2  2 2 9  1 4 3  2 1 9  1 3 5  2 2 1  2 1 2  1 4 5  1 2 9  1 8 1  6 0  1 0 3  2 8 2 
3 1 2  2 6  2 0  1 2 4  4 0  1 4 4  2 0 3  2 0  5 2  1 2 4  3 1 6  4 2  2 0 9  7 2  2 4 5  3 0 0  7 4  2 6 5 
2 9  2 2 1  1 1 9  1 5 2  1 5  1 1 9  4 7  2 0 3  1 3 3  6 0  1 7 5  1 9  5 4  1 4 3  2 7 0  2 5 2  1 8 3  1 0 0
1 3 3  7 9  1 9 4  1 3 5  5 1  1 4 5  1 2 9  1 1 3  7 9  1 1 1  3 0 9  1 0 3  1 9 4  1 3 5  5 1  2 5 2  7 9  3 0 
2 2 9  7 9  1 1 4  1 7 4  3 0 9   3 3  3 5  1 9  2 2 9  2 8 3  2 4 1  1 6 0  1 7 9  2 4 3  1 4 2  8 9  2 3 1 
1 1 9  2 2 9  2 5 5  3 0  8 9  3 2  1 6 6  1 4  1 1 5  8 0  1 8 9  2 6 1  1 3 1  1 0 0  3 0 0  9 9  4 1  8 1  1 0 1 
9 9  1 9 1  7 9  1 2 2  2 0 3  1 1 9  7 9  5 4  1 2 2  4 0  5 2  5 5  1 4 3  <CLEARTEXT HU I > 5  2 0 9  1 2 1  1 0 0  3 0  2 1 9 
<CLEARTEXT HU ha robábra is rezoluája Ngod irazon Iffjaknak Jörök nyelure valo rani->
<CLEARTEXT HU raráfokat ir aháznál fubzislálhatnak közel lakván effendi ranirálo>
<CLEARTEXT HU har is fel válollya mind azon álral> 1 1 5  1 9 3  1 0 9  1 0 2  4 1  1 5 3  2 6 4  2 4 5 
2 6 3  2 7 5  1 1 9  4 4  2 2 9  2 8 3  2 4 1  1 0 0  1 1 3  7 9  3 0 0  9 9  2 0 9  1 2 1  1 0 0  2 7 3  1 5 9 
3 9  9 6  7 2  1 0 2  5 4  1 2 9  2 2 9  1 8 9  1 2 4  1 1 9  1 5 9  1 1 4 <CLEARTEXT HU mellettem ugyan vagyon egy>
<CLEARTEXT HU iffiu Csuzi neuü kinek arját ismerre vaji uram is ez már bele^’ hapván>
<CLEARTEXT HU azon nelyube jo induláre he^’p elme^’jii leven ha ngod kegyelmelse^’gejá>
<CLEARTEXT HU rulna hozzá, azon ranulásra magát rezolvájja pezergjánt  avagy olly>
<CLEARTEXT HU herestiedör az ki ngodnak innen administrallya a aliivántoto válálláso->
<CLEARTEXT HU liat mást jobat nem javalharunk görög perernel mivel az iohágos ember->
<CLEARTEXT HU leven erdelyben ha fazu quo exorbirálna is ngod mindenkor birna vele>
<CLEARTEXT HU itt mi is mig itt lenne^’k reá vigáznánk, azon kivül is inslruccioja s reve^’r>
<CLEARTEXT HU sálisa leven nem merne verkezni jo is volna általa ecsalmind> 1 1 1 3 2  1 7 9 
2 5 5  1 0 0  1 3 3  5 4  9 5  6 9  3 2  2 7 4  6 0  3 6  1 1 9  1 3 3  2 7 4  8 0  1 3 3  1 8 9  6 4  <CLEARTEXT HU aki >
<CLEARTEXT HU ben experienliaja ugy a ro^’bbide valo dolgokban vagyon > 3 0 0  9 9  8 1  2 0 4  1 0 3  
2 0 3  2 5 5  1 0 0  1 1 3  7 9  2 2 9  2 7 4  6 0  5 4  1 2 9  8 0  3 9  1 7 9  2 5 5  1 0 0  1 3 3  5 4  9 ?
1 0 0  2 2  2 0 1  2 5 2  3 0 3  9 1  1 1 3  7 9  2 4 5  2 2 3  2 0 3  2 0  5 2  1 1 5  1 9 3  4 0  1 4 4  <CLEARTEXT HU exor->
<CLEARTEXT HU birálni > 4 4  2 1 2  1 8 9  3 0 0  2 0 5  1 1 3  2 1 1  1 3 5  9 9  1 3 9  1 1  7 1  5 4  1 0 9  2 0 3  2 5 5 
1 0 0  1 2 2  1 1 9  2 6 2  7 9  5 4  4 4  2 1 2  1 8 9  1 2 3  8 9  1 5 5  1 1 9  8 0  7 0  3 9  2 8 3 
1 0 3  1 1 1  1 1  1 6 1  1 1 9  1 7 3  2 5 5  7 9  1 3 3  3 6  1 0 0 2 4 1  1 9 9  1 4 4  1 5 2  6 4  1 4 4 
4 1  1 1 4  1 9 9  6 0  7 9  1 0 1  9 1  2 2 9  3 0 9  7 0  3 0 2  1 9 9  5 5  1 3 3  4 0  3 2  2 7 3  1 9  1 1 1 
2 2 9  2 8 3  1 0 0  7 9  1 1 3  3 0 9  2 2 9  4 7  4 1  3 7  2 7 3  3 0 0  9 7  2 6 3  2 1 2  1 2 9  5 1  1 2 3 
1 1 9  2 6 3  6 0  1 1 5  3 6 0  1 1 5  7 5  1 2 9  1 0 1  1 7 9  2 0  2 7 4  2 5 5  2 0  3 2 0  5 0  1 2 9  2 6 3 
1 5 2  1 1 3  2 2 9  2 4 6  2 7 3  1 5 9  2 4 5  1 1 9  2 2 3  7 9  1 2 5  8 4  2 0 4  8 9  1 8 2  1 1 9 
2 1 3  6 4  8 0  1 8 2  1 1 9  2 3 3  8 0  8 5 0 6 6 9  7 2 2  3 0 0  7 0  2 5 5  6 4  2 1 3  1 6 1  3 0 8  7 0  6 4 
  
#IMAGE NAME: 4316.png 
8 0  8 5  1 6 9  1 2 2  1 9 9  1 1 3  2 5 5  1 5  1 0 9  8 4  3 0 4  1 9 9  8 5  2 0 4  2 6 4  1 5 5  7 8 9  8 9  3 0 0 
1 0 3  7 1  6 4  6 9  5 4  8 3  1 2 3  2 0 9  2 2 9  4 5  8 0  3 2  2 0 3  1 0 0  3 0 4  4 2  1 2 4  1 1 5  1 1 9  2 6 3 
6 0  2 5 2  7 9  4 4  2 1 2  2 5 9  2 8 3  1 5 9  3 0 0  2 0 1  1 3 9  1 7 9  2 4 5  3 9  1 4 4  2 4 5  2 2 3 
2 0  3 2 0  2 2 9  3 0 0  9 9  2 0 9  2 7 4  2 0  7 9  5 4  1 0 9  3 6  1 7 5  1 9  3 0 0  2 2 9  2 4 5  2 6 4 
3 0 0  9 9  2 0 9  4 4  2 1 2  1 8 9  7 1  4 4  1 2 9  5 1  1 2 3  1 1 9  2 6 3  1 4 5  8 0  4 5  1 8 2  2 4 5 
1 1 9  2 8 3  1 0 0  7 9  5 5  1 0 9  1 1 1  4 4  2 1 2  1 8 9  5 1  1 2 3  1 1 9  2 6 3  1 4 5  3 0 8  4 5  1 8 2  2 ?
1 1 9  1 3 1  1 3 3  1 1 9  4 0  2 2  2 8 3  6 9  1 7 9  3 0 2  7 0  3 9  1 9 3  7 9  3 0  7 0  1 2 9  2 2 9  1 2 7
5 4  3 0 1  4 3  5 2  2 7 3  1 5 9  2 5 5  1 2 5  3 0 9  1 2 5  2 1 9  5 4  2 7 3  7 9  8 0  1 0 2  2 1 9  2 9 3 
8 0  1 1 5  6 4  1 9 9  1 4 4  1 2 2  2 0 1  2 6 4  1 5 5  7 5  1 2 9  9 0  2 9 4  1 5 9  2 7 4  8 0  8 5  4 5
3 0 0  1 3 9  9 2 1 7 9  3 0 9  <CLEARTEXT HU mipenig maradunk  igez hivei fiolgri>
<CLEARTEXT HU cgdrak>
<CLEARTEXT HU igaz hivei salazatos fzolgai>
<CLEARTEXT HU bahai fnnvi mme >
<CLEARTEXT HU Honvát fesenz H>
<CLEARTEXT HU Balat 5a__ famnar 1__7__0__7__  >