#CIPHERTEXT
#CATALOG NAME:NAH_G15_CAPS_C_FASC_36_5
#IMAGE NAME :4441.png - 4444.png
#TRANSCRIBER NAME: FK
#DATE OF TRANSCRIPTION: July 7, 2020
#TRANSCRIPTION TIME : 50 + 180 + 70  = 5h 00 
#TRANSCRIPTION METHOD: Manual
#COMMENTS:  this transcription contains some cleartexts. The texts in this transcription were difficult  because the handwriting was hard to read.




#IMAGE NAME :4441.png 
#COMMENTS: 


<PLAINTEXT HU Ke gy  el  me  s  ar  am  al  na  go  d at  ho  sy >
1 3 3  3 9  3 2  2 7 3  8 0  2 0 5  6 1  5 1  <CLEARTEXT HU tröben?  Alätton  hém? > 4 4  2 1 2   1 8 9  1 0 1  2 8 2  3 9  
<PLAINTEXT HU  gy  ak  ra  n  ne  m  tu  do  se  t   ha  fo  m ne m  re  s t  so >
3 1 7  4 1  2 6 4  1 0 0  5 4  1 0 9  1 5 5  2 2 1  5 5  7 9  2 5 2  1 4 5  3 0 3  5 4  1 0 9  2 7 4  8 0   7 9  5 5  
<PLAINTEXT HU  ge  m ne  K  ha ne  m az  bi  se  my  es  al  ka  d ma  to  s sa  s >
1 9 2  1 0 9  5 4  1 2 9  2 5 2  5 4  1 0 9  1 1 1  1 4 1  5 6  4 9  1 6 4  5 1  1 2 3  1 1 9  1 1 9  2 6 3  1 4 5  8 0  1 5 9   
<PLAINTEXT HU ne  m  le  li  ne K  tu  le  i  do  ne  t  sa  i o  l le  he  t >
5 4  1 0 9  2 0 3   1 2 5  5 4  1 2 9  1 5 5  1 9 3  1 3 9  2 2 1  5 4  7 9  4 5  1 3 9  9 9  1 1 9  2 0 3  2 6 2  7 9
<PLAINTEXT HU  la  ho l mo  s  sy  at  he  ly  et az  ho  z  za  nK va  lo  p  ro  pe  >
1 9 3  2 8 2  1 1 9  2 9 3  1 5 9  3 9 1 0 1  2 6 2  4 0  9 2  1 1 1  2 8 2  6 0  2 6  1 9  2 4 5  2 2 3  9 0  2 9 4  2 0 4 
<PLAINTEXT HU n  se  ot  fa  pa  sz  fa l  ly  u K  ne m sz  ün  ¨n  ak  me  g  na >
1 0 0  5 5  1 7 4  1 1 5  1 9 4  2 0  1 1 5  1 1 9  4 0  7 0  1 2 9  5 4  1 0 9  2 0  1 9 6  5 0  1 9  2 7 3  1 5 9  4 4 
2 1 2  1 8 9  1 9 4  2 6 4  1 0 0  1 9 9  7 5  1 9 3  7 9  3 0  1 0 1  <CLEARTEXT HU Nembetimk? Boloogn? Lásaban >
<CLEARTEXT HU tellye  Setteunn ?  >  2 0 1  2 8 3  3 0 4  1 8 9  2 7 1  2 1 1  1 5 9  1 0 3  3 2  1 3 3  6 0  2 0 1  7 9
3 0 9  2 2 1  8 9  1 8 2  8 3  1 2 9  3 0 1  2 4 5  2 2 3  4 5  1 8 2  2 6 4  5 4  1 0 9  1 3 9  7 0  7 9  2 5 2 
7 9  1 5 5  3 2 1  2 1 9  6 0  3 2  1 4  1 1 9  7 9  4 4  2 2 4  1 2 9  1 2 1  1 0 0  7 0  1 3 9  1 1 9  2 0 9  9 3  9 1   
1 1 4  1 2 3  1 1 9  3 1  1 5 9  2 7 4  2 1 1  5 1  1 5 5  1 2 9  1 1 1  2 5 7  7 9  2 7 3  1 1 9  4 0  9 2  1 0 3  1 3 3  7 9 - 
2 7 4  2 0  2 0 9  1 0 0  9 0  5 5  3 0 4 1 1 5  1 1 9  1 5 5  1 9  <PLAINTEXT HU Imo >  2 7 1  3 9  5 3  9 2  1 1 1  1 4  2 0  1 2 3  -
1 2 9  2 2 1  1 1 9  1 8 2  2 0 9  1 0 0   2 0 1  4 3  5 2  1 3 5  7 9  1 5 3  1 0 0  1 1 1  1 9 9  7 1  1 9 9   3 2  1 9 3  2 8 4  
2 1 5   8 2  1 4  1 6 9  1 3 5  5 1  1 1 5  1 1 9  2 4 5  1 9 3  2 8 3  3 0 4  7 9  8 0  1 3 3  1 1 9  2 0 3  7 9  <PLAINTEXT HU gria ? >
1 7 9  1 3 9  7 0  8 0  2 0 1  1 0 9  2 7 1  2 1 3  2 0 2  1 4 4  1 0 3  1 9 9  1 4 4  7 5  8 9  8 0  1 7 9  3 2 0  2 7 4 
5 4  2 5 5  3 9  1 7 9  2 7 3  2 7 3  1 1 9  4 0  2 7 4  <CLEARTEXT HU mellyre  adott jo  alralmarossagot?  >
1 1 1  2 5 7  8 3  1 5 9  6 5  5 4  2 1 4  2 1 2  2 2 3  9 0  5 4  1 6  2 7 3  1 5 9  1 3 9  5 9  2 5 5   1 0 0  1 1 1  
1 4  2 0  1 2 3  1 2 9  8 2  1 1 1  2 5 7  1 7 3  7 6  7 9  9 0 9  1 2 2  1 0 0  1 4 2  8 9  2 1 2  2 5 2  1 1 5  2 1 4 
1 2 9  1 3 9  1 8 2  3 6  1 1 5  4 5  1 5  1 1 9  2 7 4  1 2 2  2 6 4  1 1 9  1 1 5  2 7 3  1 5 9  1 1 1  1 1  5  4 4  1 0 3  2 7 3   
1 1 9  2 0 3  7 9  2 4 5  2 2 3  2 5 2  1 1 5  8 9  2 2 1  1 1 9  1 8 2  4 2  5 4  1 0 9  1 3 9  1 8 2  5 6  2 2 1  7 9  2  3 0 9
1 4 3  5 4  1 2 9  2 1  1 1 5  4 2  2 7 3  1 3 9  1 7 9  2 7 4  1 1  1  1 5 4  1 0 1  1 5 4  2 7 3  1 5 9  2 9 1  1 7 9  2 0-
5 2  5 4  1 0 9  2 6 4  1 3 5  1 3 2  1 9 9  5 1  1 4 5  1 4 5  7 9  3 0 9  1 1 1  1 4  2 0  1 2 3  2 4 6
1 1 9  2 4 5  2 2 3  1 3 1  1 3 3 8 0  5 5  1 5 9   <CLEARTEXT HU  mist?  Ping?  Al kal marolting  po volma . >
2 5 7  4 4  1 2 9  1 3 1  2 0 3  1 2 3  9 0  6 4  2 8 3  2 5 5  1 1 9  1 7 9  3 9  1 2 2  2 5 3  1 1 9  1 1 1  2 5 7  2 6 3 - 






#IMAGE NAME :4442.png 
#COMMENTS: 


8 0  1 2 2  2 5 3  1 1 9  1 1  1 3 7  1 3 9  2 4 6  2 5 2  2 1 9  1 5 9  2 7 4   2 1 1  5 7  4 4  1 2 9  5 4  1 0 9  8 5  
2 0 9  6 5  8 0  7 9  5 1  2 8 2  7 9  4 4  5 4  1 0 9  2 0 3  2 5 5  1 0 0  2 9 3  8 0  7 9  1 1 1  1 7  2 2 1  1 1 9  1 8 2  
1 1 1 2 5 2  1 9   2 9 1  1 7 9  2 0  1 7 9  2 5  2 5 5  1 1 9  2 1 9  1 8 2  1 1 9  2 8 2  7 9  4 4  1 0 3  3 2  2 0 3  5 4  
9 5  7 5  7 9  2 5 2  1 1  1  1 7  4 1  8  1  4 4  1 0 3  2 4 5  1 9 3  2 8 3  7 9  1 2 5  1 0 0  1 1 5  1 1 9  6 4  1 1 1  1 6 9  2 6 4  1 0 0  
1 9 9 1 3 9  2 1 9  1 2 9  5 1  8 0  2 6 3  3 9  1 8 1  1 1 4  1 2 3  1 1 9  2 4 5  2 2 3   2 5 2  1 9 1  1 5 3  2 6  4 5  1 9 9  9 9 
7 9  1 9 9  1 7 9  5 1  4 4  8 2  2 5 2   <PLAINTEXT HU akar attya  vag yon  ab >  2 5 7  1 9   1 1 1  2 6 3  -
3 9  8 1  1 1 4  1 2 3  8 9  1 9 9  1 4 4  1 6 9  9 9  1 7 9  2 0 1  2 6 4  1 1 9  4 0  1 4 4  1 1 1  2 6 3  3 9  8 1  1 1 4  1 2 9
1 9 9  1 4 4  1 6 9  9 9   1 2 9  2 0 1  2 6 4  1 5 5  4 5  2 0 3  2 5 5  1 0 0  <PLAINTEXT HU ab  >  1 3 7  1 3 9  2 4 6  2 8 2  3 9 
1 1 1  2 5 7  2 5 5  1 1 9  1 9 9  1 4 4  1 6 9  9 9  1 7 9  2 0 1  2 6 4  1 1 9  4 0  1 4 4  1 9 9  7 2  1 3 5  8 0  1 9 9  1 4 4  
2 1 1  1 3 5  1 4 4  1 3 9  2 0 9  8 0  1 0 9  2 5 6  2 6 4  1 5 3  2 9  1 2 9  2 5 5  1 5 9  2 6 2  6 0  2 6 5  2 0-
1 3 9  <CLEARTEXT HU  Kn  lömben ? ond tára?  Légyen  >  2 5 7  4 4  1 2 9  2 6 3  8 9 9 1  4 1  1 7 1  1 4 1  8 9
2 4 5  1 0 0 1 1 1  1 4  2 0  1 2 3  1 1 1  1 3 1  8 0  5 5  1 5 9  2 0  8 3  1 7 9  5 1  1 0 1  7 9  1 1 1  9 1  2 9  2 6 4  1 9 9
7 1  2 1 5  1 1 4   1 0 1  <CLEARTEXT HU  nagyobbára  birván  ab röbbitis ?  > 1 9 9  5 5  8 9  1 3 3  2 0  2 2  9 2  
2 8 3  1 0 0  1 5 9  2 7 4  1 1 9  2 1 3  2 6 4  <PLAINTEXT HU  avagy  >  2 6 3  7 0  2 7 4  1 1 9  2 2 3  8 0 <CLEARTEXT HU  magábozè ->
<CLEARTEXT HU  desitti  bodettya  > 1 1 1  1 3 3   1 2 9  1 7 3  3 6  2 6 3  8 9  1 0 3  1 3 3  7 9  2 8 8  1 9 4  2 2 4  1 2 3  7 9  1 8 3  1 1 9 
2 4 1  7 9  3 0 9  <PLAINTEXT HU abobat  > 2 7 3  1 5 9  1 2 2  3 9  2 5 5  2 7 4  5 5  1 3 5  9 0  1 4 5  1 6 9  9 9  2 7 1
 7 2  1 7 9  9 9   1 8 9  2 1 9  2 5 2  1 8 9  3 9  2 1 9  1 1 1  1 4 4  1 6 4  1 3 5  7 0  1 0 9  1 7 4  2 7 3  1 1 9  4 0  
9 2  1 1 1  2 5 7  1 4 2  8 9  1 3 8  1 3 2  1 9 9   5 2  7 9  9 1  4 1  3 2  2 0 3  1 0 0  3 2  2 9 1  2 2 4  8 9  1 5 5   
4 5  2 0 3  2 4 5  1 0 0  1 9 9   9 1  6 5  2 1 9  2 8 3  1 0 0  1 5 9  2 7 4   1 1 9  2 1 3  2 1 9  1 2 2  


2 5 3  1 1 9  <CLEARTEXT HU  eitra  impedimunnm?  ágal  >  1 1 1  1 2 2  1 3 3  1 2 5  1 0 0 1 9 2  2 7 4   1 0 0  
7 3  2 7 3  2 1 1  1 0 1  1 7 9  9 8  3 2  2 0 3  1 0 0  <PLAINTEXT HU mellyrül   Ngod ab Prorapbi- >
<CLEARTEXT HU  abut bóreb? Limuntre  bet  ? >  1 7 9  3 9  1 2 2   2 5 3  1 1 9  2 6 3  8 0  1 2 2 2 5 3  1 1 9  2 0 4  6 4  1 5 9
1 1 1  1 4 4  2 0 7 0  3 9  7 1  1 2 2  1 3 3  1 2 5  1 2 5  1 0 0  1 9 2  8 9  1 3 1  5 4  1 8 2  1 9 9   1 3 9  7 0  2 7 3
2 4 5  1 1 1  2 9 3  1 1 9  1 8 9  2 4 5  1 3 9  5 1  <CLEARTEXT HU röbber sagertsigebül  aaedahian >




#IMAGE NAME :4443.png 
#COMMENTS: 




<CLEARTEXT HU aumah felette  ebab . ?  >  1 1 1  1 7  1 6 5  7 9  1 9 9  1 4 4  1 6 5  9 9  1 7 9  2 0  1  2 6 4  1 5 5  - 
7 5  1 2 9  1 9 9  1 4 4  1 9 9  2 0 5  8 5  7 5  1 2 9  1 0 3  2 8 3  2 4 1  1 0 0  1 0 2  7 9  2 7 3  1 5 9  7 2  1 2 5  
7 9  1 2 5  1 2 3  2 7 4  7 9  2 6 4  1 3 9  1 1 5   <CLEARTEXT HU mah  bamar  inprimalta?  Mind  egehmül >
2 1 9  6 0  2 7 7  7 9  7 0  3 9  2 8 2  3 9  1 7 9  2 0  2 7 4  5 4  2 5 5  3 9  1 7 9   <PLAINTEXT HU  altamoh  lött > 8 3 
1 4 2  8 9  2 6 3  1 1 9  1 4 5  1 1  5  1 4 5  1 1 5  4 5  1 1 1  2 7 7  2 8 3  1 0 0  1 8 9   21 0 2  2 2  3 5  1 1 9  7 0  3 9  2 9 3  2 0 1  2 6 4  
1 1 9  1 1 5  9 9  2 1 4  6 4  3 0 5  1 1 3  9 3  9 1  1 2 1  3 0 4  9 0  8 9  5 5  1 0 0  1 1 5  3 0 2  1 1 5  1 4 3  7 9  3 0 9  
4 5  1 2 9  2 5 2  2 6 3  8 9  2 7 2  2 4 5  1 0 0  1 1 1  2 7 7  1 3 3  8 9  2 0 1  7 9  1 2 5  1 6 5  2 0 3  2 1 2   1 0 0 
2 2 1  2 2 3  2 0 1  2 8 2  3 9  1 1 1  2 6 3   3 1 7  8 1  1 1 4  8 0  2 5 5  1 9 9  2 1 5  1 9 9  1 4 4  1 4 2  1 7 9  2 0 1
2 6 4  1 1 9  4 4  4 4  1 2 9  2 6 1  1 3 1  3 0 4  2 5 5  2 5 3  3 0 1 . <PLAINTEXT HU  quá  Politiem  mint  >  1 2 4  9 9  
2 0 / <PLAINTEXT HU felelt nem  radm  >  2 0 1  2 7 2  2 0  4 2  5 4  1 4 3  1 2 9  1 0 3  2 5 2  2 0  7 4   3 0 1  1 4 2 
2 9 4  1 5 9  1 3 1  1 0 0  5 4  1 1  1 3 4  2 0 9  1 0 0  1 1 1  8 1  1 5  1 1 9  2 4 5  2 2 3  9 0  2 9 4  1 3 9  1 7 9  
1 9 9  7 9  7 0  1 0 9  1 9 5  1 2 3  7 9  1 1 1  1 9 9  7 1  1 9 9  3 2   1 9 3  2 8 4   2 1 5  <PLAINTEXT HU Linralta  > 2 1 9  6 0  
2 7 7  5 4  1 2 9  2 7 3  1 5 9  7 2  1 2 5  7 9  1 2 5  2 8 2  3 9  2 8 3  1 0 0  1 8 9  4 4  2 1 2  1 8 9  2 8 3   1 0 0  
1 8 9  1 1 1  1 9 7  1 3 9  2 4 6  4 4  2 1 2  1 8 9  8 3  1 2 5  8 9  2 2 4  6 5  1 3 5  9 9  1 3 9  2 1 9  5 1  1 1 5 -
1 1 9  2 6 1  2 0 9  1 0 0  1 1 1  2 5 7  2 4 5  1 1 9  1 9 9  1 4 4 1 4 2  2 7 1  7 2  5 1  6 4  1 4 3  2 4 5  1 0 0  4 4 1 2 9 
<PLAINTEXT HU  zdo:  > 2 6 3   6 5  1 2 3  7 9  2 6 3  8 0  2 6 4  1 3 5  1 1 4  1 2 3  1 1 9  2 7 3  1 1 9  4 0  2 2  1 0 3  2 0 1  2 9 3 
1 0 0  5 0  7 9  2 6 4  1 1 9  1 1 5  1 2 9   <CLEARTEXT HU eligígeshippon  >  1 1 1 4 4  2 1 2  1 8 9  5 7  2 0 3  5 2   2 4 1 
1 9 9  1 4 4  1 4 2  1 7 9  2 1  2 4 5  1 0 0  1 1 1 6 1  1 1 9   1 7 3  2 7 5  7 9  1 3 3  3 6  1 0 0  2 4 1   1 2 3
2 6 4  1 1 3  1 1 1  2 5 7  4 4  1 2 9  1 0 2  7 9  2 0 4  6 4  1 5 9  8 0  1 3 3  1 1 9  2 0 3  7 9  5 1  1 1 5  1 1 9  2 1 9 
2 6 3  6 4  1 2 2  8 0  7 9  7 0  1 0 9  5 1  2 7 1  3 9  2 2 6  2 7 3  1 1 9   4 0  2 2  1 0 3  2 6 3  8 9  8 3   1 2 5
8 9   9 0  2 7 4  1 1 5  1 1 9  1 4 5  7 9  1 1 5  1 0 0  1 2 9  2 1  1 5 5  1 2 9  1 1 1  2 7 7  5 4  1 2 9  2 6 3  1 8 2 
1 0 3  1 1 1  1 5 4  1 0 1  1 5 4  <CLEARTEXT HU bolmap horba  migym > 2 1 9  6 0  2 7 7  2 6 2 6 0  2 0 4  8 9 












#IMAGE NAME :4444.png 
#COMMENTS: 




8 0   2 4 5  2 0 1  5 1  1 9 3  2 1 9 <CLEARTEXT HU  rihiegen dolgolat >  2 7 4  2 7 3  1 0 0  1 2 9  2 5 -
2 6 5  1 8 9  4 4  9 0  1 4 3  2 4 5  4 4  1 4 5  8 0   2 4 5  1 9 3  2 0  7 9  8 2  2 5 2  1 0 2  5 2  1 3 3  7 9  
2 7 4  1 0 0  1 8 9  1 3 1  2 1 3  9 3  9 1  7 3  5 4  1 0 9  8 3  2 3 1  1 9 9  5 1 4 0  4 1  7 1  4 4  1 2 9  2 2 5  7 1  
4 4  5 4  1 0 9  1 9 3  1 5 5  1 0 0  1 2 9  2 6 3  8 0  7 9  <CLEARTEXT HU ragadbarat lan >
1 3 6  1 1 6  1 4 6  7 9  1 2 12 6 4   7 9  1 5 3  6 0  4 4  4 4  1 2 9  2 5 5   2 5 3  10 0  1 2 9  1 1 1  2 8 3  1 0 0  7 9
1 1 1  1 9 9  7 1  1 9 9  3 2  1 9 3  2 8 4  2 1 5  2 0  2 1 9  2 4 5  1 3 9  2 0 9  7 0  1 1 9  1 7  <PLAINTEXT HU gapari > 5 1  1 3 4 
1 4 3  1 0 3 <CLEARTEXT HU Icgdbog  Nemserimk? Bib  magy agyhival ?  vagyen >  7 9  4 5
1 2 9  2 8 2  3 9  1 1 1  5 4  2 7 3  7 9  1 0 3  4 3  5 2  2 7 3  1 5 9  2 5 5  3 0 9  2 5 5  1 0 0  1 3 9  9 2  1 2 5 
1 3 3  7 9  <PLAINTEXT HU rapogaru > 1 3 9  8 1  4 4 1 2 9  7 1  6 4  2 4 5  1 1 9  1 6 3  8 3  1 2 3  2 0 9  2 8 2  3 9 
1 9 7  7 9   2 9 3  8 0  7 9  1 1 1  5 4  2 7 3  7 9  2 6 5  2 0  2 0  2 1 9   1 4 2  1 5 9  1 9 3  1 1 9  1 1 5  mimgly-  >
<PLAINTEXT HU rijbibe? >  1 1 1  1 4 3  1 2 9  2 1 7  1 2 1  1 0 0  2 4 5  1 8 9  4 4 1 2 9  1 1 1  1 1 4  1 5  1 1 9  9 3  3 0 9  1 1 1 - 
1 5 4  1 1 1  1 5 4  1 1 1   2 4 5  1 3 9  1 9 1  1 9  2 1  2 1 1  1 5 9  1 0 3  1 9 4  1 3 5  5 1  4 0  2 1 9  2 8 3  2 1 9  1 1 1  1 2 2 -
8 9  2 6 3  1 0 0  3 2  2 7 3  3 9  5 2  <CLEARTEXT HU  ondem ? je  Bararal oh  lirin?  egymásral >
<CLEARTEXT HU  magis  releh Pi  remin lem rovid  map  ba  nggan ? >
8 3 1 9 9 2 1 3  4 4  1 1 9 4 4  


7 0  1 2 9  1 1 1  1 5 4  1 0 1  1 5 4  5 1  1 1 5  1 1 9  2 5 2  2 0   8 3  1 2 5  1 0 0  9 0  1 3 9  7 0  2 1 1  1 9 9  5 1  1 0 3 
1 1 1  1 9 4  1 9 9  1 3 9  1 3 2  1 9 9  1 0 1  1 3 9 1 4 4  4 1  1 0 3   <CLEARTEXT HU  mil rog  tazl ?rigd  rempsbié ? >
2 0 4  1 0 0  6 0  3 5  1 1 9 <CLEARTEXT HU Dirpoot ?  rinmi?  > 2 1 9  6 0  1 5 4  1 0 1  1 5 4   <PLAINTEXT HU or ? >
<PLAINTEXT HU len milhül  > 1 7 9  3 9  2 0 4  1 0 0  6 0  3 0 9  5 5  1 0 9  2 1  5 2  2 0 4  6 4  1 5 9  2 6 3  2 6 4  2 2 1 
1 2 9  4 4  2 1 2  1 8 9  4 4  1 2 9  5 1  1 1 1  1 7 4  1 6 4  2 0  1 2 4  1 8 2  1 3 9  2 1 9  1 9 4  3 3 4  -
<CLEARTEXT HU pa i a  no s croup.ti  se  or ba to  d  K Nort .>
3 8 2  1 9 4  1 3 9  2 1 9  7 4  8 0  1 3 5  3 6  1 0 0 2 5 2  7 9  9 9  1 8 9  5 3  1 7 8  2 9 8  2 6 2 
2 8 8  2 5 2  2 0 9.-------------------------------------------------------------------------------------------------------