#CATALOG NAME: Segr. di stato Portugal/117/1
#IMAGE NAME: 095r-095v.jpg
#TRANSCRIBER NAME: NiLan
#DATE OF TRANSCRIPTION: December 28, 2016.
#TRANSCRIPTION TIME: 43+14=57 mins
#COMMENTS: Lots of crossed-off numbers that are not transcribed. 

#IMAGE NAME: 095r.jpg
8 8 8 5 0 8 8 4 9 5 5 ? 1 1 2 4 1 4 4 3 8 0 3 4 5 3 7 1 9 3 2 7 7 4 6 8? 4 7 3 4 8 5 5 9 3 8 8 
0 4 3 9 1 5 1 0 0 4 0 5 0 5 5 9 4 8 8 4 6 1 6 8 0 1 7 5 9 9 3 8 1 3 4 5 3 6 3 6 3 9
1 4 1 7 5 5 7 3 5 9 8 4 5 8 5 5 0 3 2 3 0 0 0 4 7 3 2 3 7 8 6 8 4 1 7 5 8 5 5 4 8 4 8 8 1 3 7 8 3 5 5 
3 9 5 9 8 4 3 7 5 3 3 7 0 5 8 1 4 3 2 7 7 4 7 5 5 9 3 7 0 4 5 9 0 8 8 0 8 8 3 5 5 4 
4 9 5 9 3 7 5 5 0 5 0 4 8 9 
0 4 7 1 3 4 7 3 2 1 8 3 9 5 0 8 5 5 2 1 7 1 0 3 2 1 8 9 7 5 2 8 9 3 0 8 1 7 2 5 9 5 5 9 5 5 4 7
8 5 5 3 4 8 4 8 8 8 8 8 4 6 1 6 7 8 5 0 8 8 4 8 3 5 8 8 1 8 3 8 4 7 0 8 4 0 8 5 8 5 5 8 8 
5 9 8 1 5 3 5 5 8 8 8 8 8 1 0 5 8 1 8 9 8 4 8 8 8 3 0 8 4 8 8 1 5 4 5 5 5 9 8 1 5 8 0 8 8 3 8 1 2 1 7 9 
2 3 7 0 7 1 3 4 2 5 9 0 4 9 4 8 5 8 0 8 8 8 8 3 8 1 8 4 8 8 8 1 8 3 8 3 5 7 4 8 5 5 5 9 5 5 3 4 3 4 
8 4 5 8 0 8 9 1 5 1 5 7 6 3 6 5 4 5 9 8 8 8 8 8 4 5 8 8 1 8 8 8 5 5 5 5 8 5 5 8 3 8 4 4 8 8 1 3 7 8 3 
5 8 8 1 4 3 4 8 5 5 3 4 8 4 8 8 8 8 8 4 2 9 0 8 8 8 4 8 9 0 0 8 8 1 8 5 8 5 8 4 8 3
1 9 3 0 0 3 3 4 8 4 2 1 8 3 0 8 5 8 8 4 8 8 8 3 8 2 5 4 8 4 5 8 0 8 8 3 8 1
8 9 5 5 3 4 5 5 8 9 8 4 3 7 8 3 8 4 4 3 4 8 5 5 5 9 5 5 3 4 4 8 5 5 3 7 8 3 8 4 8 4 7 3 8 9 5 9 7 3 
7 1 3 3 0 8 3 4 5 5 3 7 4 8 0 8 3 7 8 1 3 9 8 4 4 4 8 9 8 1 3 7 8 3 5 5 5 9 5 5 6 7 6 4 3 
3 0 7 0 8 4 0 8 5 8 5 5 5 4 8 4 5 8 0 8 8 3 8 1 5 5 8 9 8 1 5 8 8 3 8 4 
2 1 4 9 1 7 2 9 8 1 3 9 3 4 8 1 5 5 5 9 8 4 5 9 5 5 1 3 8 8 5 5 9 5 5 8 5 5 8 9 8 4 3 7 
1 9 4 7 6 1 6 5 0 4 3 2 7 7 4 2 1 7 1 5 4 8 4 5 8 0 8 4 7 1 1 5 3 5 8 5 5 4 8 4 8 0 8 8 1 0 5   
8 4 8 8 8 3 5 8 8 1 6 3 6 8 4 7 4 5 9 3 7 5 5 8 8 8 1 3 4 5 5 8 9 9 3 3 4 0 4 4 8 4 5 0 8 
5 5 8 9 5 5 8 3 8 1 4 3 2 5 3 0 4 9 5 5 3 7 9 5 8 4 0 9 5 5 7 4 3 4 0 8 7 8 3 7 3 0 7  1 2 7 7 4 6 
4 1 8 8 8 1 4 8 4 8 8 1 5 8 8 8 8 1 4 1 4 1 3 4 5 9 0 8 4 8 5 5 8 8 5 5 8 5 5 5 8 8 8 8 
5 5 3 7 0 5 8 1 5 7 3 8 8 4 8 0 8 5 5 8  8 1 5 5 8 8 1 4 3 3 0 7 0 8 4 0 8 5 8 5 5 
8 4 9 5 5 9 0 8 7 5 3 7 0 5 8 1 7 3 8 9 5 9 7 3 7 1 3 4 8 4 4 3 2 4 0 7 2 5 3 0 8 5 8 1 5 8 1 9 8 8 
1 5 4 3 2 7 7 4 3 8 7 3 5 8 8 4 3 8 3 3 5 5 5 8 5 5 4 8 4 8 5 5 1 4 2 1 9 5 2 1 7 1 5 8 5 9 8 9 
8 1 5 8  8 4 6 8 6 7 3 8 0 3 0 5 8 0 8 5 5 8 4 7 8 3 4 0 8 4 8 5 5 1 9 8 0 4 9 5 9 8 4 3 7 1 9 1 9 
2 7 5 4 5 5 4 1 3 3 8 1 4 8 4 8 5 5 4 9 8 1 9 5 3 7 0 8 8 5 8 1 8 5 8 1 7 3 5 8 8 4 4 5 8 1 4 8 5 8
8 4 0 5 5 9 4 7 0 5 8 1 5 9 8 4 5 8 1 0 5 5 5 9 5 9 0 8 8 8 5 5 5 8 8 4 2 8 7 0 2 1 7 8 
1 4 1 5 3 4 3 1 5 8 7 3 8 5 8 4 5 8 3 8 8 3 5 8 5 5 2 5 9 9 6 9 6 7 3 7 5 8 0 8 4 7 1 3 4 8 4 
2 7 4 0 5 8 0 8 8 4 5 4 5 5 7 9 9 5 3 4 8 4 8 8 5 7 9 8 3 3 3 4 7 3 7 1 2 5 3 0 4 9 8 3 3 5 9 3 
5 7 9 8 0 4 3 9 5 4 5 9 2 8 5 4 2 7 5 9 3 8 3 4 4 1 4 9 8 4 8 0 5 8 0 8 1 9 1 9 3 8 4 9 3 4 5 9 
0 5 5 4 0 8 9 5 3 4 0 8 8 1 2 7 4 0 9 5 8 4 3 7 0 8 4 7 6 7 6 1 7 8 5 5 5 8 8 7 3 3 9 5 9 8 4 3 7 
9 5 5 5 4 3 4 8 8 1 3 4 8 5 8 1 7 5 4 9 3 4 8 4 0 8 8 5 5 5 5 8 8 4 3 7 3 1 6 1 6 3 9  5 9 8 4 3 7

#IMAGE NAME: 095v.jpg
9 5 5 5 7 5 0 8 3 7 0 8 7 9 4 8 0 8 7 1 3 0 7 0 8 4 0 8 5 8 5 5 4 8 5 8 8 4 0 5 5 9 4 7 8 8 
8 1 2 4 8 1 1 1 7 3 8 8 8 4 4 9 5 5 6 7 6 4 3 2 1 5 3 1 4 1 7 8 9 8 4 8 3 3 0 4 1 0 5 5 
3 3 3 3 0 8 8 1 6 1 6 1 7 9 3 9 3 8 1 3 4 8 4 3 9 4 8 8 1 3 4 8 5 0 8 4 7 1 1 3 4 8 1 8 8 8 8 8 1 
4 3 9 4 9 8 0 4 4 8 4 8 9 1 5 7 7 1 7 7 4 1 7 5 5 5 8 8 1 8 3 4 7 5 3 3 9 2 1 7 9 1 4 8 3 8 1 3 0 
3 7 0 5 8 1 0 3 6 3 4 9 3 3 7 9 5 5 7 2 8 3 8 8 8 8 1 8 3 4 7 2 7 9 9 5 8 8 4 5 5 3 3 3 3 0 8 5 5 
4 8 8 1 8 9 8 9 8 4 8 8 8 8 8 1 4 3 2 4 8 1 3 8 7 3 2 7 7 8 2 1 4 1 1 2 4 1 4 6 7 6 3 4 0 8 
3 7 5 4 5 5 3 7 3 0 0 5 8 1 3 7 8 4 8 9 5 5 3 7 5 9 8 4 3 4 3 4 8 4 8 9 8 4 1 0 8 5 5 5 5 8 3 4 8
7 4 4 3 8 8 8 1 8 8 8 5 8 4 4 3 4 7 7 8 4 2 3 1 5 0 8 6 8 6 0 8 2 5 3 8 8 4 4 8 8 
5 8 3 1 9 5 0 8 5 5 3 7 0 8 4 9 4 8 8 1 1 3 4 8 0 8 8 1 3 9 5 8 0 8 5 4 8 4 5 8 0 8 8 8 4 8 
8 1 1 1 5 4 8 4 2 5 1 4 1 8 5 0 8 5 5 1 3 8 7 8 1 0 8 5 0 8 5 9 8 5 8 1 8 8 8 8 8 1 8 5 8 4 
5 8 8 1 5 8 5 5 8 8 0 8 54 8 4 5 8 0 8 5 8 8 4 6__ 9__ 6__ 2__ 5__ 1__ 3__ 6__ 2__ 9__ 3__ 2__ 9__ 7__ 5__ 
< 1 2 7 ? 1 7 5 8 >

#CATALOG NAME: Segr. di Stato/Portogallo 117/2
#IMAGE NAME: 098r.jpg
#TRANSCRIBER NAME: NiLan
#DATE OF TRANSCRIPTION: January 27, 2017
#TRANSCRIPTION TIME: 30 mins

#IMAGE NAME: 098r.jpg
2 1 8 7 3 8 7 3 4 8 5 5 5 9 8 8 5 5 7 1 7 3 8 0 7 4 8 3 3 1 5 5 7 1 2 7 5 9 7 4 
3 1 3 7 5 9 5 5 5 5 8 4 5 8 8 0 7 3 2 8 2 0 5 5 5 9 8 1 4 8 8 4 6 7 6 8 5 5 5 5 8
8 4 8 8 5 7 7 3 8 9 5 3 3 3 7 3 0 5 5 8 8 1 7 4 8 5 9 5 8 5 5 4 0 6 3 9 1 4 5 9 8 4
3 7 0 8 8 8 1 5 7 5 7 3 5 5 5 9 5 9 0 8 8 8 5 5 1 9 2 5 3 0 5 5 6 1 6 8 0 7 5 2 3 1 5
0 4 0 5 8 1 3 7 3 7 5 5 1 4 1 3 9 4 0 8 3 4 8 4 6 3 6 1 7 5 9 9 3 8 1 3 4 8 4 4 3 
3 3 5 8 5 5 4 8 4 8 0 7 5 8 3 7 8 3 4 7 6 8 0 3 8 7 3 2 3 9 8 1 7 7 5 7 3 2 7 9 3 
3 9 5 9 7 9 3 4 0 7 1 1 7 3 7 9 5 5 4 1 8 5 0 8 5 5 1 3 8 8 5 9 8 3 3 8 2 7 4 8 6 7 
6 4 3 4 8 8 1 8 9 8 5 0 4 9 5 1 3 3 0 7 0 8 4 0 8 5 8 0 4 8 4 5 4 5 9 5 8 9 1 
4 9 0 3 5 8 4 8 8 1 3 4 8 1 6 8 0 1 4 1 7 5 9 8 4 7 8 6 8 6 7 3 2 7 7 8 8 8 
5 5 5 8 8 4 3 3 9 4 8 4 2 3 9 5 0 4 5 5 2 8 0 3 0 8 4 9 2 8 1 7 6 8 0 1 4 8 9 
5 9 3 0 5 8 5 5 4 8 8 1 8 8 5 5 2 3 1 1 0 4 6 2 1 8 0 ? 4 5 5 7 5 0 5 5 9 8 8 5 5 8 8 
5 3 6 8 6 8 8 5 9 9 5 8 4 8 8 5 9 0 8 3 1 1 4 5 5 7 5 4 7 2 5 5 9 2 3 1 1 6 8 0 
1 7 4 8 5 8 8 4 7 8 8 5 8 1 5 8 1 9 1 9 0 3 3 4 8 1 5 8 8 ? 6 7 6 5 5 3 3 5 9 
8 1 3 7 7 4 4 7 5 5 5 9 8 1 3 4 9 3 1 9 5 5 5 4 8 1 5 8 5 1 5 5 7 3 8 5 0 4 5 8 
3 0 3 7 5 1 0 4 7 1 3 4 8 4 5 4 3 4 8 1 8 3 3 0 8 3 5 8 5 5 8 3 3 0 3 7 5 9 
3 0 7 4 3 4 8 4 3 7 5 5 5 9 0 8 4 8 5 5 5 8 0 8 3 9 7 5 2 9 0 5 2 8 9 3 0 3 1 0 
4 8 9 5 3 7 5 1 5 5 7 8 2 8 0 3 7 4 7 5 3 7 1 3 7 1 2 7 5 9 6 7 8 8 9 8 4 5 8 
4 8 5 5 3 7 3 1 6 3 6 8 4 7 8 8 5 8 1 5 9 8 4 5 8 0 8 8 8 5 5 8 5 0 8 1 9 
3 7 0 8 6 0 6 6 1 6 5 5 2 3 1 5 0 8 5 5 5 4 5 4 0 8 5 1 0 8 5 5 3 4 0 8 6 8 ?
7 1 7 3 9 5 8 4 3 7 3 0 4 9 2 1 8 8 0 8 8 5 5 5 8 4 1 7 6 3 9 9 8 9 1 4 8 5 3 9 3 
5 7 1 3 7 4 3 4 8 4 5 4 3 4 8 1 8 3 3 0 4 4 2 3 7 3 0 8 9 5 8 4 1 0 5 8 0 8 
3 9 3 4 8 1 5 8 5 7 8 0 3 7 4 8 5 5 1 3.


#CATALOG NAME: Segr. di Stato/Portogallo 117/3
#IMAGE NAME: 101r.jpg
#TRANSCRIBER NAME: NiLan
#DATE OF TRANSCRIPTION: January 27, 2017
#TRANSCRIPTION TIME: 15 mins

#IMAGE NAME: 101r.jpg
<CLEARTEXT IT 26 Septembre?>
7 4 3 1 3 7 5 9 5 5 7 3 2 7 5 4 5 5 5 9 8 1 4 8 8 4 6 8 8 5 9 3 4 7 3 4 8 5 5 5 9
8 8 5 5 7 1 8 0 3 4 8 4 7 1 2 7 5 9 6 1 6 3 9 7 5 1 0 8 8 8 8 5 9 1 3 8 5 0 8 5 9 1 7 
0 5 5 9 3 3 0 8 1 9 6 3 6 8 4 4 8 0 8 5 5 8 8 4 8 5 9 1 3 1 5 1 0 0 3 8 8 5 9 5 5 7 8 
6 7 7 1 5 3 7 3 1 5 8 8 4 3 9 2 1 3 1 2 8 2 3 5 8 8 4 8 8 1 9 0 3 2 3 0 0 4 3 2 8 9 9 5 5 
3 4 8 4 8 3 4 7 6 7 6 2 1 7 1 0 8 4 8 8 4 5 8 4 7 3 4 8 1 5 9 8 4 0 5 8 1 1 3 6 8 0 
1 0 8 8 8 8 5 9 1 3 5 9 8 4 7 8 4 3 3 3 5 8 5 5 4 8 4 8 0 7 3 9 5 4 5 5 8 8 4 8 0 8 5 5 
8 7 6 7 6 1 7 4 8 5 8 8 4 7 8 8 1 5 8 5 3 7 5 2 3 0 0 9 1 6 3 9 1 4 5 9 8 4 3 7 0 8 8 8 
1 5 7 3 2 8 2 3 7 7 7 3 2 5 3 0 5 5 4 9 1 9 5 9 8 1 5 8 5 5 6 8 0 4 9 2 3 1 5 3 4 5 9 8 1 9 5 
5 7 6 2 1 4 1 2 3 4 9 5 5 0 8 6 8 6 1 7 5 9 9 3 8 1 3 4 8 4 6 3 9 4 3 3 3 5 8 5 5 4 8
4 8 0 7 5 8 8 4 1 8 8 4 5 8 5 5 0 8 8 9 8 5 8 4 4 9 4 7 6 1 6 8 0 2 9 0 7 4 8 8 4 5 8 
5 9 1 7 4 8 0 8 3 4 8 1 5 9 8 4 8 1 1 3 6 8 6 2 1 8 9 5 5 8 4 7 3 5 9 8 1 4 8 8 4 4 8 
8 1 8 9 5 9 1 0 6 .

#CATALOG NAME: Segr. di Stato/Portogallo 117/4
#IMAGE NAME: 103r.jpg
#TRANSCRIBER NAME: Midas
#DATE OF TRANSCRIPTION: May 5, 2017
#TRANSCRIPTION TIME: 5 min.

#IMAGE NAME: 103r.jpg
<CLEARTEXT IT 10 OBRÉ>
<CLEARTEXT IT Il Rè si è lueato?, me? mai, tuto il giorno
vogliono i più, che sia? molto guaio nel
Braccio, e che alsucuo? restuà? == petua?
mentre impedèto.>
4 3 2 7 5 9 1 7 8 4 3 4 8 4 5 9 5 5 1 7 6 8 0 8 0 0 8 0 3 =
= 2 3 0 0 4 3 2 8 9 9 6 7 6 9 3 8 1 4 4 8 1 1 3 0 8 8 5 0 8 5 9 6 3 9 =
= 1 7 5 5 2 1 7 1 9 5 5 9 5 5 0 7 1 1 3 3 5 8 5 5 4 8 4 8 0 7 6 =
= 8 4 3 9 3 6? 8 9 8 4 1 3 9 8 8 4 1 8 8 4 9 8 5 5 0 3 =
8 5 8 4 8 3 5 9 5 5 8 9 8 4 3 7 3 0 0 8 3 5 8 5 8 4 9
4 7 .



#CATALOG NAME: Segr. di Stato/Portogallo 117/5
#IMAGE NAME: 104r.jpg
#TRANSCRIBER NAME: Midas
#DATE OF TRANSCRIPTION: May 5, 2017
#TRANSCRIPTION TIME: 20 min.

#IMAGE NAME: 104r.jpg
<CLEARTEXT IT Dice nelle lettere in piano ciò, che ci dicono i Ministri, e
Genti Secomim? della Camera?: ma si guole?, che il Ré non
abbia auuto risipola?, ma ua sacco di matùia?, che ha'
fatto la diaga?, che tiene? molto in pènsiuo?, e la febba?
è venuta in conseguenza: il Re sia? in molto app??sicole?
et ???? che lo ? ?dono? si sono conosceua? ???'umoe?
il cuduo? il? male maggiore che quella che si di confèssa?
e unico? usole?: ma di sicura? non ho di???. 31 8bre>

4 9 4 8 8 1 1 1 7 3 2 5 1 0 5 5 4 1 8 5 0 8 5 5 1 3 4 8 0 8 8 1 6 3 9 4 8 0 8 4 9 4 8 8 1 1 3 4 4 =
= 2 5 3 8 6 8 4 9 5 8 4 3 7 3 1 3 4 5 9 8 1 7 9 3 7 0 8 7 1 7 3 2 3 5 4 6? 6 7 6 8 0 1 7 5 9 =
= 9 3 8 1 3 4 5 3 6 3 9 4 3 2 7 5 9 1 4 5 5 3 3 9 4 0 8 5 5 2 1 3 8 5 5 5 8 0 8 1 7 8 5 8 1 7 3 =
- 6 1 6 8 0 8 8 5 5 4 8 4 8 8 1 4 9 2 5 3 3 6 3 9 4 5 5 5 2 1 5 3 5 5 7 3 8 5 0 8 5 5 9 5 5 5 -
= 6 3 6 3 9 3 1 8 4 1 0 2 1 7 1 4 1 8 5 8 4 3 7 1 7 8 4 5 8 8 4 6 8 4 7 3 5 4 8 4 3 3 9 4 5 8 =
- 8 4 5 3 5 9 8 4 3 7 5 9 1 9 4 1 7 4 1 5 9 5 5 9 8 4 3 7 5 5 0 4 6 8 6 4 3 2 7 5 9 1 8 5 5 4 1 2 1 7 1 =
= 5 5 0 4 8 5 8 5 5 8 8 4 3 7 1 7 8 1 1 0 6 5 0 2 3 1 5 0 8 6 1 6 3 9 3 4 8 1 5 9 8 4 0 5 8 1 1 3 =
= 1 7 8 8 8 1 1 3 7 4 8 1 8 8 4 8 0 8 5 9 3 1 4 9 8 0 3 4 5 9 8 9 8 1 5 8 8 4 6 4 3 4 8 5 8 8 4 =
= 7 8 5 8 8 4 4 3 8 0 3 4 8 4 2 5 1 8 4 9 2 1 8 8 6 1 6 3 9 1 7 7 4 5 8 4 8 8 8 8 5 5 8 4
5 9 3 7 0 8 9 3 8 4 5 8 8 8 3 8 8 4 6 8 6 8 0 4 9 1 7 4 8 5 9 5 8 8 1 1 4 4 5 8 1 4 9 8 5
0 8 5 9 .
#CATALOG NAME: Segr. di Stato/Portogallo 117/6
#IMAGE NAME: 106r.jpg
#TRANSCRIBER NAME: Midas
#DATE OF TRANSCRIPTION: May 5, 2017 
#TRANSCRIPTION TIME: 28 min. 

#IMAGE NAME: 106r.jpg
<CLEARTEXT IT Benche si dice il Ré assai? meglio si vuole, che assolù=
amente il Braccio restuà? impedito: palundo un
Suo confidente col Ré sulla mozae? della Regina il
Ré gli disse: è stato buona Sozelle?, ?? che sono sicuro, che 
il Ré sposerà? la mia Figlia Maria Francisca ?? che lo ha
promesso alla Regina adunai?, che ella mouessa?: ciò; che il?
scuio? ??? di Spagna ????? bueno? il couerario?, onde non
so qiu? dicono? se Sià suo?, e Sia lasinga?,  in che ??
tranquilli? parlo? lo teu????? ???? lui Ministri, che il
Rè ha ciò detto in ???? casa è deuissimo?:  di tutto il
resto non posso io compre????? et? uni?>
_________________________
<CLEARTEXT IT 24 Obré.>
2 1 4 0 1 7 4 9 4 8 5 5 4 3 2 7 5 9 2 1 3 4 8 9 8 4 4 4 8 1 1 7 5 9 9 3 8 1 3 4 8 4 =
= 6 3 9 5 5 8 8 8 8 8 1 3 4 5 9 1 9 8 9 8 4 3 7 3 0 4 3 3 3 5 8 5 5 4 8 4 8 0 7 5 8 4 =
= 1 8 8 4 5 8 5 5 0 8 8 9 8 5 8 4 4 9 4 7 6 9 6 8 5 0 4 9 8 7 3 3 7 0 5 8 1 5 9 1 3 8 8 =
= 5 9 8 1 7 4 5 4 0 8 7 8 3 7 3 0 7 4 4 3 2 7 5 9 8 8 5 9 3 4 7 3 8 9 8 1 5 8 3 0 7 1 7 3 =
= 2 7 7 8 4 9 6 2 8 1 3 4 3 2 7 5 9 4 4 4 9 8 8 1 5 6 3 6 8 4 2 1 8 5 5 1 9 3 3 5 9 = 
= 8 1 3 7 5 5 8 8 8 1 5 8 8 4 3 4 7 3 6 2 1 7 8 8 8 8 1 1 3 1 7 4 8 5 9 5 8 8 1 6 3 9 4 3? =
= 2 7 7 7 8 8 8 5 8 1 1 5 5 8 0 4 7 3 7 9 5 5 5 4 0 8 4 4 5 5 8 0 5 8 0 8 5 5 5 4 5 8 5 5 =
= 3 7 4 8 8 4 8 8 4 8 5 5 6 1 6 2 1 7 8 3 4 8 1 4 5 0 4 8 5 5 8 8 1 8 9 8 4 8 8 =
= 8 8 8 1 3 8 7 3 2 7 7 8 5 5 5 9 5 5 3 7 3 1 6 3 6 3 9 8 4 7 3 8 9 8 1 5 8 0 8 8 8 1 5 =
= 6 7 6 4 8 0 7 6 3 9 1 7 2 7 9 9 4 9 2 8 1 3 8 9 8 1 1 8 5 8 5 5 2 3 0 0 4 3 2 3 9 5 6
2 1 7 7 1 4 8 8 8 1 9 5 0 8 5 9 4 9 4 8 5 5 5 8 0 5 6 1 5 1 7 5 5 5 9 8 4 5 8 8 1 6 1 6
8 1 1 7 5 5 3 4 5 9 1 7 3 7 9 5 0 4 6 4 1 3 9 0 3 8 3 5 8 0 4 3 7 8 7 4 3 3 4 0 8 5 5? 5 1
5 5 5 8 3 4 8 1 3 4 8 1 3 0 3 7 9 5 4 5 0 8 1 3 2 1 8 9 0 8 4 9 3 4 5 9 0 8 2 5
3 8 6 7 6 3 9 4 3 2 7 5 9 4 5 0 4 4 8 0 7 2 4 0 7 8 4 5 9 8 4 5 8 0 8 8 8
1 7 8 9 8 1 6 1 6 4 9 2 8 4 5 4 3 5 8 8 4 1 8 8 1 1 4 8 5 8 1 8 8 8 8 8 1
0 7 4 8 8 1 8 9 8 5 5 8 8 1 8 9 8 4 8 3 3 0 5 8 7 9 ___

#CATALOG NAME: Segr. di Stato/Portogallo 117/7
#IMAGE NAME: 115r.jpg-115v.jpg
#TRANSCRIBER NAME: NiLan
#DATE OF TRANSCRIPTION: Feb. 12, 2017
#TRANSCRIPTION TIME: 30+15=45 mins

#IMAGE NAME: 115r.jpg
<CLEARTEXT IT ? 28 ? 1758>
3 4 5 5 5 5 4 0 4 5 8 8 4 7 8 9 5 8 4 8 8 5 9 0 8 3 1 6 8 4 ? 1 1 3 4 8 1 2 8 1 7 6 3 9 6
0 7 7 8 8 8 4 8 5 8 0 8 5 9 8 2 1 1 3 4 8 4 2 5 1 0 4 1 8 5 0 8 5 5 1 3 6 7 6 7 3 2 3 7 8 
2 3 0 0 5 5 8 4 0 3 3 4 8 1 5 8 5 7 6 1 6 4 3 2 7 4 0 8 1 8 4 3 4 4 1 5 4 5 5 3 7 3 0 0 5 8 6 
3 7 8 5 0 8 5 0 5 8 8 1 1 5 9 5 5 9 0 8 1 9 4 7 6 7 7 3 4 8 4 2 7 4 3 8 4 6 5 3 7 5 8 7 5 5 
1 7 2 3 0 0 5 5 7 3 2 3 9 8 6 3 6 8 0 1 0 4 3 2 7 4 0 8 1 6 1 0 2 3 1 5 0 4 5 8 4 9 8 8 4 8 5 3 
2 5 9 7 6 7 6 7 3 8 5 0 4 8 8 1 7 8 1 1 0 8 4 2 3 0 0 5 5 7 1 2 8 0 3 7 8 4 8 5 5 5 8 5 9 
3 8 4 5 8 1 6 3 9 6 5 9 8 4 5 8 0 4 2 1 5 9 8 4 4 9 8 8 8 5 8 1 3 1 4 8 8 2 6 
1 0 4 5 0 4 4 0 4 4 5 8 8 4 1 7 1 8 5 5 6 3 6 8 4 2 7 5 4 5 5 2 1 8 9 1 7 4 9 4 8 5 3 6 3 9 
4 3 2 7 7 4 1 0 4 5 5 5 8 5 0 4 5 9 5 8 5 5 6 7 6 2 7 4 0 8 1 1 4 1 0 5 5 5 9 8 4 5 9 8 1 8 9 8 4 
1 3 6 3 9 2 9 0 1 8 4 4 1 3 0 5 8 8 4 4 9 2 4 1 3 6 2 1 9 5 2 7 3 4 3 4 8 1 4 1 3 0 5 8 5 8 8 1 
8 9 8 5 8 4 5 8 5 3 6 8 4 7 9 4 5 0 4 3 7 1 3 7 4 5 4 0 8 7 5 4 7 3 4 2 3 3 9 6 8 4 6 4 3 2 5 3 
8 7 1 3 4 2 4 8 4 6 3 9 2 1 3 1 7 4 3 4 8 1 5 8 8 1 1 0 8 5 5 5 5 8 7 3 5 9 0 4 2 1 7 1 6 5 3 
2 1 9 4 5 5 2 5 1 4 6 7 6 1 0 8 5 0 4 5 8 7 3 2 9 0 ? 2 1 7 1 8 9 8 4 1 3 8 4 0 3 7 3 2 3 7 8 1 0 
8 8 8 8 5 9 1 3 5 5 5 8 4 9 8 8 4 8 8 4 2 5 9 7 1 0 6 7 6 4 ? 6 7 4 5 4 0 8 7 8 3 7 5 1 5 5 0 3 8 1
2 3 0 0 9 1 7 3 6 4 9 4_. 8 8 1 1 3 5 9 0 8 8 1 3 4 8 4 3 4 5 1 5 5 6 7 6 7 4 8 9 8 4 8 1 3 4 8 3 5 8 
8 4 4 3 2 5 1 4 8 8 5 4 8 1 9 5 5 7 2 1 5 3 7 9 6 3 9 5 8 0 8 5 4 8 4 5 8 0 8 0 8 4 1 8 5 
0 8 5 5 1 3 1 4 8 8 5 7 3 4 8 1 1 4 8 5 5 5 5 8 7 3 8 5 0 8 5 9 6 8 0 7 5 8 9 8 4 5 5 8 5 8 5 
8 1 1 8 5 5 1 9 2 1 5 9 2 1 5 9 2 1 5 3 4 8 5 5 7 8 5 8 8 4 4 3 2 4 1 3 3 4 8 1 5 4 5 9 9 5 9 5 8 4 6 
2 1 4 1 4 3 2 3 5 8 6 3 9 6 4 9 3 4 5 9 0 8 8 3 5 8 8 4 8 0 6 5 3 4 1 2 3 0 0 7 5 3 4 5 9 
0 8 4 9 8 5 8 4 3 7 7 8 6 5 3 ? ? 8 9 7 4 3 0 9 5 1 3 4 8 8 1 7 9 3 7 4 8 0 7 3 8 7 3 2 8 1 1 
2 1 5 3 0 4 7 7 7 8 5 4 5 9 3 7 4 7 2 7 0 1 7 1 7 3 7 4 5 4 8 8 8 8 0 7 1 0 6 8 5 5 8 8 4 4 9 4 8
5 5 2 3 0 3 0 4 8 5 5 5 0 5 5 8 9 1 6 1 6 3 9 0 7 7 4 7 5 3 3 7 5 5 0 8 4 8 8 1 3 4 2 3 5 8 6 
8 8 3 8 7 5 3 7 4 5 0 4 7 3 1 5 5 8 5 5 2 8 2 0 5 5 6 2 1 4 1 9 5 0 8 0 4 5 8 9 1 5 4 8 4 5 8 0 
8 9 1 6 5 3 6 3 0 8 9 8 1 3 9 2 4 0 0 8 1 2 5 3 8 5 7 6 8 4 2 1 8 8 0 5 8 1 8 9 8 4 3 7 0 8 
4 8 5 5 1 3 6 1 6 3 9 5 5 4 8 4 8 8 1 8 9 8 5 0 4 9 5 1 3 2 3 9 9 4 3 3 5 4 0 8 9 5 3 4 0 7 7 ? 2
8 0 3 4 8 5 5 5 8 5 9 0 4 3 4 4 5 8 1 2 7 9 9 0 8 1 3 7 8 8 8 2 7 4 8 0 8 6 3 6 8 4 6 7 1 5 4 
3 8 1 7 1 9 6 0 3 5 5 0 8 5 9 7 3 5 8 5 3 6 7 6 7 3 8 4 8 8 8 5 5 9 3 4 1 7 8 ?
1 0 2 1 9 5 6 2 1 3 7 8 9 8 4 1 0 8 5 5 8 8 4 9 3 5 3 3 7 5 9 4 0 8 4 2 3 1 5 2 5 5 9 4 9 4 9 5 4 
5 4 0 8 7 8 3 7 5 5 0 4 8 9 8 4 4 8 8 1 6 5 3 4 9 7 4 5 4 5 9 8 8 0 7 
1 0 1 1 2 3 5 8 6 7 6 5 9 3 7 7 3 0 8 4 8 5 7 4 8 5 5 4 8 4 8 0 8 5 5 4 7 7 7 7 3 4 8 8 8 9 8 5 
0 4 9 5 3 7 0 8 5 5 7 7 8 5 5 5 0 8 5 8 8 4 8 3 8 1 5 8 5 8 8 4 8 8 7 9 8 1 2 3 8 5 3 8 3 4
2 9 0 1 2 7 8 1 3 4 8 4 2 9 0 7 6 8 1 6 2 9 0 8 2 8 9 3 0 8 8 8 8 1 1 3 6 3 9 1 8 5 5 2 3 0 0 
4 3 2 8 9 9 7 5 4 8 5 5 5 8 5 9 3 8 4 5 8 1 8 4 2 1 8 8 3 9 7 5 2 5 7 8 8 4 6 5 3 7 4 

#IMAGE NAME: 115v.jpg
8 4 8 8 8 1 5 0 4 4 8 4 8 5 3 3 7 7 8 2 3 0 0 4 3 5 4 5 9 8 1 4 8 5 7 6 7 6 8 4 4 4 5 3 
5 8 0 4 4 1 5 4 8 1 5 8 8 0 8 8 3 2 1 5 7 2 1 7 8 2 8 1 7 2 5 3 8 8 1 6 7 1 ? 3 5 9 8 4 
3 7 4 9 1 9 7 1 3 4 8 4 5 8 8 1 3 3 8 4 0 5 4 1 4 9 5 5 6 3 9 8 8 8 5 5 5 4 8 4 8 
0 8 5 5 1 3 8 7 0 8 6 8 6 2 1 8 9 5 5 8 4 7 3 4 0 5 5 5 9 8 4 7 1 2 9 0 4 2 8 1 7 
7 1 3 4 5 5 5 4 5 4 5 5 5 8 5 3 6 3 9 8 8 8 1 1 3 6 0 3 8 8 5 9 5 5 8 8 8 1 7 4 2 1 4 1 
0 8 2 3 1 5 9 1 6 3 9 1 7 5 0 8 1 5 8 5 8 8 4 5 8 8 1 7 4 8 1 1 3 5 8 8 4 1 5 5 4 8 ?
8 8 1 5 2 7 3 3 5 8 0 8 3 1 5 8 5 5 5 8 8 4 2 1 7 1 0 8 8 5 0 4 8 8 1 7 2 1 5 3 0 8 6 1 6 
2 1 8 3 0 8 1 7 4 8 8 1 1 3 8 8 4 8 8 1 1 3 9 1 5 8 5 8 8 4 9 5 8 1 7 3 5 8 8 ? 6 3 6 
4 3 2 3 5 8 1 8 5 5 0 4 8 8 8 7 8 1 7 3 6 5 0 8 4 1 5 9 5 5 9 0 8 8 8 4 8 8 4 9 ?
8 5 5 8 8 4 4 8 8 4 8 3 3 1 7 1 2 8 0 3 8 8 5 9 9 7 2 4 0 7 6 7 6 
2 1 9 5 8 0 9 1 5 8 8 4 8 5 3 4 0 8 4 8 5 5 5 8 8 4 6 1 4 3 9 8 1 8 5 8 5 8 1 5 8 1 7 

#CATALOG NAME: Segr. di Stato/Portogallo 117/8
#IMAGE NAME: 280r.jpg
#TRANSCRIBER NAME: NiLan
#DATE OF TRANSCRIPTION: March 8, 2017
#TRANSCRIPTION TIME: 30 mins
#Difficulties included: dotted numbers as well as apostrophes.

#IMAGE NAME: 280r.jpg
<CLEARTEXT IT Lisbon 12 ? 1760 >
1 7 6 9 3 0 4 6 6 5 4 5 5 4 8 8 4 3 7 0 5 8 1 2 4 7 4 6 4 3 6 6 2 4 1 3 6 0 3 6 7 3 2 3 9 8 6 1 6 8 4 6 2 3 7 8 6 
3 9 6 2 1 8 9 6 3 6 2 3 1 7 6 0 5 6 2 4 9 5 6 1 4 5 5 3 3 9 4 0 8 5 5 2 3 1 5 0 4 2 3 8 3 6 3 9 6 2 1 8 8 0 4 6 4 9 6 
5 4 5 8 5 5 1 8 8 1 5 4 3 7 0 4 5 8 8 4 6 4 3 2 5 3 4 6 1 6 4 9 4 8 5 9 0 8 6 1 7 6 5 9 9 3 8 1 3 4 8 4 6 3 9 8 8 
5 5 2 1 7 1 5 5 5 9 0 4 3 7 5 1 5 5 4 7 5 3 2 8 4 0 6 1 6 8 3 5 8 3 8 7 3 2 7 4 3 6 7 1 6 1 6 3 3 5 8 0 4 1 7 3 4 8 4 6 
3 4 4 1 5 4 5 5 3 7 3 0 0 5 8 1 3 7 6 3 4 5 9 0 8 9 5 0 8 6 4 9 6 2 8 1 3 6 7 6 1 7 5 9 8 4 0 5 8 1 1 3 5 4 5 8 
8 4 8 7 8 4 3 7 3 1 4 8 8 1 3 7 5 4 8 4 5 8 5 3 3 7 5 1 8 4 8 3 5 8 3 8 6 6 2 3 9 4 
6 4 9 6 8 1 8 4 0 9 5 8 0 4 8 8 6 3 6 8 4 6 4 3 6 2 3 9 4 6 4 9 6 8 0 8 8 1 5 7 5 6 6 2 3 3 4 6 7 4 6 
2 3 4 7 0 8 6 0 3 6 2 5 9 9 6 7 1 6 2 7 4 0 8 1 6 3 8 6 2 8 0 1 6 6 3 9 5 5 2 3 0 0 0 8 8 5 5 5 0 7 1 3 
2 3 0 8 5 5 3 0 6 7 6 5 9 8 1 4 4 8 1 1 3 6 3 8 6 2 3 9 5 2 3 1 1 0 8 6 3 9 6 1 4 6 8 5 8 4 3 7 1 7 6 4 3 6
2 7 7 4 6 7 4 2 4 0 7 2 3 9 4 6 0 5 6 6 8 1 8 4 0 9 5 8 5 5 8 8 5 5 6 1 9 3 4 6 2 5 3 4 6 8 0 6 9 4 5 3 3 4 
1 7 6 0 4 6 7 5 5 8 8 4 6 6 7 3 6 2 7 4 3 6 3 8 6 2 8 0 7 0 5 8 1 3 7 5 5 3 7 4 7 3 7 0 7 2 4 4 0
8 1 9 5 8 4 3 7 0 8 4 7 6 7 8 6 2 9 0 8 5 4 5 8 0 4 3 0 3 4 3 4 0 8 6 4 9 6 2 8 2 3 3 4 8 4 9 5 0 8 8 3 3 
8 0 3 1 6 4 3 6 2 1 8 3 6 4 1 5 4 5 5 8 3 3 1 8 8 8 1 7 3 2 1 5 9 6 4 1 6 2 1 8 9 2 8 9 3 8 8 8 1 8 3
4 7 8 5 5 8 8 4 3 0 1 8 8 1 6 6 4 9 6 4 8 5 5 4 8 4 8 0 8 0 4 6 1 7 6 8 3 5 8 5 5 8 8 3 1 8 4 1 0 
6 4 1 6 8 8 3 8 5 9 0 4 3 0 8 5 8 5 8 5 5 6 7 4 8 3 5 8 8 1 6 4 3 6 4 8 8 1 1 8 5 9 8 9 8 4 6 1 4 6
8 4 8 8 1 5 3 7 0 5 8 1 5 9 0 8 6 3 4 6 2 4 9 9 8 8 5 9 8 1 5 4 5 8 5 5 3 0 3 4 3 4 8 1 1 0 8 5 8 5 5 9
5 8 8 4 2 8 1 7 6 7 6 2 1 8 9 5 4 6 3 9 5 5 6 2 9 0 1 2 1 7 1 2 5 9 7 6 8 8 8 5 5 3 4 8 0 8 
3 8 2 1 5 9 6 8 3 5 8 0 4 6 4 4 6 2 5 3 8 6 7 8 6 2 7 4 1 0 8 6 3 9 6 6 5 4 5 5 3 7 1 3 2 3 0 0 
8 4 6 3 4 8 4 6 2 4 1 1 8 4 6 0 3 6 0 8 8 8 4 8 5 9 3_ 7_ 8 5 5 8 0 8 5 8 8 4 6 4 8 8 1 8 8 5 5 
5 9 8 4 5 8 5 5 2 1 5 9 6 1 7 5 5 6 7 6 3 4 6 2 3 1 7 6 0 5 6 2 4 9 5 2_ 5_ 9_ 7_ 5_ 5_ 6 4 1 6 5 5 8 5 8 5 5 5 5 4
8 4 3 7 5 1 5 5 6 0 3 6 4 3 6 4 8 8 1 8 9 8 9 8 4 5 8 4 8 0 7 8 5 5 8 8 4 9 5 0 8 5 9 4 9 4 8 5 5 4 
6 8 0 6 4 1 6 8 8 8 1 1 8 5 5 5 1 5 5 6 7 3 6 2 3 9 8 6 4 9 6 3 4 8 1 3 7 0 5 5 8 5 5 6 8 4 6 2 1 7 1 
3 8 7 3 5 8 8 0 1 9 6 2 1 7 8 3 0 8 9 8 4 6 4 3 6 8 8 5 9 8 1 7 5 3 7 1 3 2 7 0 0 2 1 5 9 6 1 1 6
4 8 8 1 8 9 8 9 8 4 5 8 4 8 0 7 6 7 5 6 5 9 1 3 6 7 1 7 3 4 8 5 5 8 8 5 5 6 4 9 6 2 8 1 3 6 6 8 4 6 4 9 
3 3 8 1 5 9 5 8 3 3 8 1 1 0 6 8 8 5 9 3 4 6 8 3 5 8 8 1 1 3 6 6 4 9 6 2 7 3 0 9 5 3 8 3 4 8 1 6 6 8 4 6
0 3 0 8 2 8 3 8 0 8 8 5 5 5 8 8 8 8 5 5 3 1 4 8 8 1 3 4 7 3 2 8 1 3 6 8 4 6 0 3 6 0 8 6 8_ 5_ 5_ 5_ 8_ 8_ 8_ 8_ 
5_ 5_ 3_ 1_ 6 8 4 6 0 3 6 0 8 6 8 5 5 8 8 4 1 5 3 7 3 1 4 8 8 1 3 4 7 3 2 4 5 9 6 8 6 4 3 6 8 5 5 5
8 4 1 5 5 4 5 8 8 4 8 9 8 4 6 3 9 6 5 9 8 1 5 8 5 8 8 4 3 3 3 3 8 4 6 7 3 6 2 7 4 3 5 9 3 7 0 8 1 9 
6 4 8 8 1 3 4 3 4 6 4 1 5 4 5 5 3 7 3 0 6 0 5 8 1 3 7 6 8 5 0 8 5 0 5 8 8 1 -
<CLEARTEXT IT N. ? ? ? >
 
